ssqwerty,14868,5694,50010
18612160829,7889,1950,38967
wang25687,9865,10094,19226
15504973518,9065,4191,71815
13812788376,6496,1185,76360
457181660,7848,3011,26901
15686784340,5445,3057,42503
z7211191,9072,7427,69584
shinecy1126,5913,2951,38388
lonely7201984,8929,4065,125569
liu271,4753,3593,115767
cq1473691,1539,675,17080
cq1473693,1116,666,11281
cq147369,226,1464,13358
muyang1,1307,728,55254
muyang2,667,1724,22967
1358177 yubei,1092,551,14241
1770994 yubeiyi,1025,1371,16083
1861216 jia,543,373,25266
12160829 yi,533,625,15052
134886 bing,3171,1820,18658
88699777 ding,530,313,18806
pgh123,309,197,21138
pgh1234,277,255,22030
pgh12345,359,420,18540
pgh123456,1106,835,12028
pgh1234567,945,782,13495
pgh12345678,253,296,14579
pgh123456789,394,660,8401
pby123,243,249,11795
pby1234,251,296,12827
pby12345,273,540,7120
pby123456,268,331,31369
pby1234567,257,321,36584
pby12345678,150,385,40283
pby123456789,191,102,8466
wang77,124,167,7954
wang777,136,211,15323
wang7777,11,269,12107
ssqwerty,14868,5694,50010
18612160829,7889,1950,38967
wang25687,9865,10094,19226
15504973518,9065,4191,71815
13812788376,6496,1185,76360
457181660,7848,3011,26901
15686784340,5445,3057,42503
z7211191,9072,7427,69584
shinecy1126,5913,2951,38388
lonely7201984,8929,4065,125569
liu271,4769,3598,115867
cq1473691,1539,675,17080
cq1473693,1116,666,11281
cq147369,166,1444,13358
muyang1,1247,708,55254
muyang2,607,1704,22967
1358177 yubei,1032,531,14241
1770994 yubeiyi,965,1351,16083
1861216 jia,483,353,25266
12160829 yi,473,605,15052
134886 bing,3111,1800,18658
88699777 ding,470,293,18806
pgh123,249,177,21138
pgh1234,217,235,22030
pgh12345,299,400,18540
pgh123456,1046,815,12028
pgh1234567,885,762,13495
pgh12345678,193,276,14579
pgh123456789,334,640,8401
pby123,183,229,11795
pby1234,191,276,12827
pby12345,213,520,7120
pby123456,208,311,31369
pby1234567,197,301,36584
pby12345678,90,365,40283
pby123456789,131,82,8466
wang77,124,167,7954
wang777,136,211,15323
wang7777,11,269,12107
ssqwerty,15243,5802,58664
18612160829,8208,2042,35279
wang25687,4016,9723,5792
15504973518,9337,4276,61848
13812788376,6730,1257,73159
457181660,8088,3082,21195
15686784340,5686,3122,41612
z7211191,9380,7559,71980
shinecy1126,6096,3019,37636
lonely7201984,9129,4137,122543
liu271,5009,3674,113030
cq1473691,1640,706,12245
cq1473693,1186,692,5586
cq147369,77,1038,8485
muyang1,1233,324,44020
muyang2,604,1310,11496
1358177 yubei,1055,592,5064
1770994 yubeiyi,976,950,7001
1861216 jia,515,419,14261
12160829 yi,492,671,5673
134886 bing,3098,1415,7596
88699777 ding,473,377,7135
pgh123,181,218,7253
pgh1234,108,266,7655
pgh12345,213,449,4945
pgh123456,965,398,2715
pgh1234567,794,343,4332
pgh12345678,91,316,2775
pgh123456789,246,678,3179
pby123,92,256,4863
pby1234,101,312,6164
pby12345,104,105,5490
pby123456,112,340,16994
pby1234567,90,332,22179
pby12345678,86,401,25558
pby123456789,46,105,4225
wang77,40,197,2582
wang777,3,214,4129
wang7777,3,272,1843
ssqwerty,15243,5802,58664
18612160829,8208,2042,35279
wang25687,4016,9723,5792
15504973518,9337,4276,61848
13812788376,6730,1257,73159
457181660,8088,3082,21195
15686784340,5686,3122,41612
z7211191,9380,7559,71980
shinecy1126,6096,3019,37636
lonely7201984,9129,4137,122543
liu271,5009,3674,113030
cq1473691,1640,706,12245
cq1473693,1186,692,5586
cq147369,77,1038,8485
muyang1,1233,324,44020
muyang2,604,1310,11496
1358177 yubei,1055,592,5064
1770994 yubeiyi,976,950,7001
1861216 jia,515,419,14261
12160829 yi,492,671,5673
134886 bing,3098,1415,7596
88699777 ding,473,377,7135
pgh123,181,218,5253
pgh1234,108,266,5655
pgh12345,213,449,2945
pgh123456,965,398,715
pgh1234567,794,343,2332
pgh12345678,91,316,775
pgh123456789,246,678,1179
pby123,92,256,2863
pby1234,101,312,4164
pby12345,104,105,3490
pby123456,112,340,14994
pby1234567,90,332,20179
pby12345678,86,401,23558
pby123456789,46,105,2225
wang77,40,197,582
wang777,3,214,2129
wang7777,3,272,43
ssqwerty,1223,369,84,65,12,516,283,15489,5861,9789,6339,67195
ssqwerty,1223,369,84,65,12,516,283,15489,5861,9789,6339,67195
18612160829,190,176,157,206,3422,5289,2652,8380,2094,17141,10001,41824
wang25687,1701,1504,1919,2270,172,7641,303,4533,10126,26505,16124,8428
ssqwerty,1223,369,84,65,13,516,283,15509,5867,9834,6354,67845
18612160829,190,176,157,206,3422,5289,2652,8404,2100,17183,10009,42484
wang25687,1701,1504,1919,2270,174,7641,303,4566,10132,26545,16136,9088
15504973518,215,513,635,269,2930,5435,1329,9536,4313,24222,9473,67263
13812788376,303,964,442,431,1975,7833,2297,6912,1295,8457,6511,78251
457181660,132,608,1164,610,728,2245,618,8246,3131,18327,7058,25644
15686784340,98,517,531,105,1503,2227,1240,5809,3151,6939,2572,45331
z7211191,122,639,750,118,1968,2962,1605,9581,7603,18847,3861,77370
shinecy1126,98,247,250,114,1393,2231,1183,6222,3047,2619,1538,42447
lonely7201984,110,655,26,225,1011,5140,559,9250,4166,18597,7244,127686
liu271,91,89,689,82,1779,2327,900,5163,3714,13157,6198,120558
cq1473691,234,88,233,220,777,1619,743,1700,720,3283,1290,15260
cq1473693,177,170,183,176,1069,1703,677,1211,697,2107,1128,8761
cq147369,70,90,79,75,419,719,279,119,1050,1151,681,11279
muyang1,300,411,402,404,772,2717,944,1352,359,6805,2479,48109
muyang2,49,269,181,138,798,2476,832,736,1352,6340,3015,15043
1358177 yubei,504,664,656,595,706,5226,943,1171,632,3555,3629,8250
1770994 yubeiyi,457,524,513,264,1339,5832,1075,1112,976,3443,3165,11349
1861216 jia,42,112,41,137,771,1394,454,655,456,3379,2078,17480
12160829 yi,39,93,293,40,831,1379,514,602,707,2945,3101,9930
134886 bing,36,26,411,385,657,1339,893,3235,1441,4279,3606,11015
88699777 ding,36,21,171,31,760,1374,472,609,408,3730,3821,10765
pgh123,385,412,383,104,658,3444,1095,268,233,5923,2986,9378
pgh1234,280,309,280,24,706,3150,1412,155,280,4472,2230,8690
pgh12345,261,280,269,33,746,3299,1111,282,468,3147,2043,6290
pgh123456,96,360,398,453,555,3088,1475,1022,415,2950,2158,5050
pgh1234567,79,352,235,593,624,3512,1644,861,357,2288,1795,5447
pgh12345678,54,300,300,73,621,2216,1010,153,331,2060,1547,3670
pgh123456789,59,274,376,90,626,1718,1391,312,701,3229,2368,4619
pby123,61,382,367,105,619,3314,1503,153,269,2190,1767,6123
pby1234,24,310,290,329,706,2889,1354,178,331,2289,1520,6769
pby12345,342,346,230,524,766,2722,1325,156,119,2089,1691,6530
pby123456,322,333,337,322,766,2910,1315,184,355,2028,1450,17724
pby1234567,206,202,152,331,866,2051,1194,154,343,1652,1122,22834
pby12345678,195,260,283,324,374,1753,1087,146,411,1093,901,26638
pby123456789,8,14,20,95,351,950,459,67,108,1346,1189,4585
wang77,0,0,0,5,247,235,97,51,203,166,161,5067
wang777,1,1,1,1,164,253,117,3,214,35,95,4334
wang7777,25,25,25,25,621,853,540,3,272,38,270,2828
