wang25687,31,29,30,27,5,14,21,7,25,17,18,4,3,15,19,22,9,1,8,34,23,10,28,45,35,43,11,12,40,16,13,6,2,39,20,24,41,50,44,37,36,46,55,47,33,51,66,26
ssqwerty,42,69,14,19,5,21,18,17,4,7,15,3,10,9,22,71,72,63,60,23,55,66,58,24,39,38,44,40,28,46,1,62,59,61,2,20,6,41,16,33,35,37,45,43,34,68,36,12,13,26,8
18612160829,29,30,31,7,18,3,17,25,15,22,19,9,21,14,4,5,23,66,28,39,12,10,24,6,44,2,37,42,20,55,11,43,34,16,46,40,36,45,38,41,35,33,51,1,13,8,26
15504973518,23,25,21,22,12,3,18,13,17,15,20,5,9,28,1,11,41,6,43,39,38,34,33,51,35,7,36,14,45,55,44,2,37,16,40,24,19,4,46,8,10
13812788376,55,22,25,15,14,4,21,17,9,19,7,26,5,18,13,3,8,12,28,44,10,11,41,46,45,38,43,33,51,16,23,63,37,2,1,34,36,24,40,6,20,35,39
457181660,66,59,21,12,8,7,11,10,19,6,25,18,14,26,16,24,36,37,39,44,45,55,41,33,46,40,34,43,5,38,35,51,2,9,17,13,4,20,3,23,15,22
z7211191,21,12,7,13,5,9,23,28,11,26,14,15,10,1,22,6,35,16,38,40,50,33,36,51,45,39,37,34,44,24,25,20,2,4,17,19,8,43
15686784340,31,19,18,22,9,5,3,15,4,29,25,14,7,17,21,44,24,38,41,46,33,51,43,8,45,26,55,13,28,12,39,11,36,20,10,34,1,23,40,2,6,16,35,37
shinecy1126,8,21,14,5,7,4,3,19,25,30,10,29,9,40,36,46,6,33,41,43,51,11,16,44,45,38,24,28,34,35,23,39,2,20,12,37,22,15
lonely7201984,31,22,3,30,18,4,14,21,19,5,15,7,9,8,23,24,40,46,43,34,41,33,45,12,39,20,35,2,66,44,38,37,36,55,17,1,58,6,26,28,16,13,10,11,25
liu271,7,10,15,14,9,26,13,19,25,21,18,37,43,34,6,45,38,51,41,33,35,36,24,40,55,16,23,20,44,12,5,2,11,39,28,22,17,29
cq1473691,1,2,3,4,5,6,7,8,9,10,11,12,13,14,15,16,20,21,22,23,24,25,26,28,33,34,35,36,37,38,39,40,41,44,55
cq1473693,1,2,3,4,5,6,7,8,9,10,11,12,13,14,15,16,20,21,22,23,24,25,26,28,33,34,35,36,37,38,39,40,41,44,55
wang25687,31,29,30,27,5,14,21,7,25,17,18,4,3,15,19,22,9,1,8,34,23,10,28,45,35,43,11,12,40,16,13,6,2,39,20,24,41,50,44,37,36,46,55,47,33,51,66,26
ssqwerty,42,69,14,19,5,21,18,17,4,7,15,3,10,9,22,71,72,63,60,23,55,66,58,24,39,38,44,40,28,46,1,62,59,61,2,20,6,41,16,33,35,37,45,43,34,68,36,12,13,26,8
18612160829,29,30,31,7,18,3,17,25,15,22,19,9,21,14,4,5,23,66,28,39,12,10,24,6,44,2,37,42,20,55,11,43,34,16,46,40,36,45,38,41,35,33,51,1,13,8,26
15504973518,23,25,21,22,12,3,18,13,17,15,20,5,9,28,1,11,41,6,43,39,38,34,33,51,35,7,36,14,45,55,44,2,37,16,40,24,19,4,46,8,10
13812788376,55,22,25,15,14,4,21,17,9,19,7,26,5,18,13,3,8,12,28,44,10,11,41,46,45,38,43,33,51,16,23,63,37,2,1,34,36,24,40,6,20,35,39
457181660,66,59,21,12,8,7,11,10,19,6,25,18,14,26,16,24,36,37,39,44,45,55,41,33,46,40,34,43,5,38,35,51,2,9,17,13,4,20,3,23,15,22
z7211191,21,12,7,13,5,9,23,28,11,26,14,15,10,1,22,6,35,16,38,40,50,33,36,51,45,39,37,34,44,24,25,20,2,4,17,19,8,43
15686784340,31,19,18,22,9,5,3,15,4,29,25,14,7,17,21,44,24,38,41,46,33,51,43,8,45,26,55,13,28,12,39,11,36,20,10,34,1,23,40,2,6,16,35,37
shinecy1126,8,21,14,5,7,4,3,19,25,30,10,29,9,40,36,46,6,33,41,43,51,11,16,44,45,38,24,28,34,35,23,39,2,20,12,37,22,15
lonely7201984,31,22,3,30,18,4,14,21,19,5,15,7,9,8,23,24,40,46,43,34,41,33,45,12,39,20,35,2,66,44,38,37,36,55,17,1,58,6,26,28,16,13,10,11,25
liu271,7,10,15,14,9,26,13,19,25,21,18,37,43,34,6,45,38,51,41,33,35,36,24,40,55,16,23,20,44,12,5,2,11,39,28,22,17,29
cq1473691,3,21,26,11,12,6,16,24,9,8,13,28,20,23,10,35,34,38,1,41,39,55,36,37,33,2,44,40,7,22,14,25,15,4,5
cq1473693,5,25,4,7,28,26,3,24,9,13,8,16,23,12,20,44,34,41,55,11,1,35,38,33,39,36,40,37,2,6
