profile,姓名,id,等级,武力,战力,满武力,书籍经验,总资质
wang25687,零零发,1,350,412,7.27,414,457,450
wang25687,鳌拜,2,350,580,10.24,597,3528,677
wang25687,和珅,3,300,173,2.61,179,1362,268
wang25687,郑板桥,4,300,168,2.54,190,4599,463
wang25687,喜来乐,5,300,107,1.62,139,6536,350
wang25687,苏乞儿,6,350,588,10.38,677,17893,624
wang25687,李卫,7,300,133,2.01,142,1899,279
wang25687,刘伯温,8,350,454,8.03,456,473,673
wang25687,林则徐,9,350,230,4.06,322,18425,787
wang25687,方世玉,10,400,495,10.03,516,4395,570
wang25687,多尔衮,11,400,500,10.08,517,3402,549
wang25687,左宗棠,12,400,500,10.10,521,4262,565
wang25687,张之洞,13,400,506,10.20,543,7402,682
wang25687,蒲松龄,14,300,126,1.90,153,5436,297
wang25687,李鸿章,15,300,181,2.74,198,3473,356
wang25687,李寻欢,16,400,502,10.14,513,2268,590
wang25687,索尼,17,300,144,2.18,163,3895,305
wang25687,胡雪岩,18,300,157,2.37,245,17752,371
wang25687,曹雪芹,19,300,187,2.83,197,2029,377
wang25687,海大富,20,400,507,10.24,521,2805,579
wang25687,华佗,21,300,132,2.00,220,17793,187
wang25687,墨子,22,300,233,3.53,366,26616,436
wang25687,杜甫,23,400,498,10.06,520,4554,646
wang25687,廉颇,24,400,518,10.47,590,14475,570
wang25687,庄周,25,300,143,2.16,162,3951,266
wang25687,李元芳,26,400,496,10.02,501,1102,553
wang25687,鲁班,27,300,48,.72,53,1090,115
wang25687,孙武,28,400,500,10.08,518,3794,534
wang25687,张良,29,135,22,.15,70,9695,44
wang25687,姜子牙,30,300,18,.27,32,2958,73
wang25687,孙膑,31,51,13,.03,28,3065,38
wang25687,关羽,33,400,1950,41.00,2020,14138,2146
wang25687,张飞,34,400,509,10.37,545,7329,658
wang25687,赵云,35,400,515,11.24,561,9207,614
wang25687,马超,36,400,585,11.94,718,26792,669
wang25687,黄忠,37,400,555,11.31,701,29339,605
wang25687,诸葛亮,38,500,647,16.73,657,2132,3008
wang25687,庞统,39,400,524,10.74,709,37140,743
wang25687,周瑜,40,400,503,10.20,760,51467,627
wang25687,郭嘉,41,400,533,11.12,808,55163,2044
wang25687,荆轲,43,350,570,10.07,750,36062,1384
wang25687,韦小宝,44,400,527,10.65,609,16491,1032
wang25687,黄飞鸿,45,350,569,10.05,644,15155,898
wang25687,李白,46,350,729,12.85,827,19691,987
wang25687,吕布,47,400,662,13.39,742,16145,1044
wang25687,孙尚香,50,400,525,10.61,764,47908,2317
wang25687,关银屏,51,500,4164,108.33,4273,21853,11866
wang25687,马云騄,55,500,525,13.36,587,12407,7211
wang25687,张春华,66,470,504,11.96,626,24468,4155
ssqwerty,零零发,1,400,538,10.85,540,514,626
ssqwerty,鳌拜,2,400,545,11.00,550,1072,643
ssqwerty,和珅,3,350,184,3.24,245,12214,565
ssqwerty,郑板桥,4,300,171,2.58,224,10793,520
ssqwerty,喜来乐,5,250,188,2.36,244,11302,386
ssqwerty,苏乞儿,6,400,566,11.43,641,15120,655
ssqwerty,李卫,7,300,176,2.66,210,6990,414
ssqwerty,刘伯温,8,350,470,8.28,504,6869,526
ssqwerty,林则徐,9,350,251,4.42,299,9667,737
ssqwerty,方世玉,10,341,335,5.75,380,9160,383
ssqwerty,多尔衮,11,350,395,6.96,472,15462,441
ssqwerty,左宗棠,12,400,525,10.61,543,3614,586
ssqwerty,张之洞,13,400,500,10.08,518,3736,556
ssqwerty,蒲松龄,14,250,171,2.15,202,6265,364
ssqwerty,李鸿章,15,300,178,2.69,190,2454,358
ssqwerty,李寻欢,16,400,568,11.49,639,14377,634
ssqwerty,索尼,17,300,170,2.57,181,2295,450
ssqwerty,胡雪岩,18,250,191,2.40,202,2254,433
ssqwerty,曹雪芹,19,300,149,2.25,160,2350,502
ssqwerty,海大富,20,400,535,10.82,587,10400,602
ssqwerty,华佗,21,300,157,2.37,168,2242,550
ssqwerty,墨子,22,350,312,5.50,362,10135,629
ssqwerty,杜甫,23,400,502,10.13,528,5221,835
ssqwerty,廉颇,24,400,505,10.19,537,6425,549
ssqwerty,庄周,25,200,32,.32,33,246,61
ssqwerty,李元芳,26,300,400,6.04,492,18585,439
ssqwerty,鲁班,27,59,20,.06,20,120,137
ssqwerty,孙武,28,400,520,10.48,591,14393,576
ssqwerty,张良,29,58,62,.18,64,475,112
ssqwerty,姜子牙,30,58,33,.10,53,4165,91
ssqwerty,孙膑,31,53,20,.05,20,180,135
ssqwerty,关羽,33,400,538,11.90,542,927,601
ssqwerty,张飞,34,400,704,14.45,714,2195,829
ssqwerty,赵云,35,400,602,12.64,605,660,686
ssqwerty,马超,36,500,4857,126.05,4921,12957,4886
ssqwerty,黄忠,37,400,614,12.50,627,2643,707
ssqwerty,诸葛亮,38,400,542,11.28,547,1012,919
ssqwerty,庞统,39,400,517,10.58,520,715,1002
ssqwerty,周瑜,40,400,509,10.48,517,1701,1753
ssqwerty,郭嘉,41,400,575,12.02,592,3514,2369
ssqwerty,匈奴王,42,47,99,.23,195,19250,114
ssqwerty,荆轲,43,400,654,13.24,681,5599,996
ssqwerty,韦小宝,44,400,509,10.29,527,3788,2755
ssqwerty,黄飞鸿,45,400,617,12.55,634,3565,2985
ssqwerty,李白,46,400,521,10.50,533,2502,610
ssqwerty,马云騄,55,500,400,10.22,488,17716,9912
ssqwerty,张星彩,58,500,401,10.17,502,20205,8133
ssqwerty,张辽,59,400,527,10.70,609,16510,645
ssqwerty,乐进,60,400,477,9.69,565,17711,521
ssqwerty,于禁,61,400,529,10.74,610,16245,642
ssqwerty,张郃,62,400,528,10.72,592,12984,633
ssqwerty,徐晃,63,400,382,7.77,484,20474,442
ssqwerty,摸金校尉,64,350,303,5.35,376,14679,357
ssqwerty,张春华,66,500,400,10.10,452,10475,6181
ssqwerty,祝融,68,500,1554,39.24,1574,4110,1619
ssqwerty,高长恭,69,54,173,.47,234,12386,229
ssqwerty,霍去病,71,350,370,6.55,463,18734,453
ssqwerty,陆逊,72,300,413,6.25,518,21129,471
18612160829,零零发,1,400,288,5.82,310,4503,332
18612160829,鳌拜,2,400,498,10.07,501,794,536
18612160829,和珅,3,250,78,.98,80,467,204
18612160829,郑板桥,4,300,172,2.60,174,496,249
18612160829,喜来乐,5,350,227,4.01,228,330,322
18612160829,苏乞儿,6,400,497,10.06,529,6545,536
18612160829,李卫,7,200,25,.25,27,437,75
18612160829,刘伯温,8,400,214,4.32,243,5881,289
18612160829,林则徐,9,300,107,1.62,109,477,266
18612160829,方世玉,10,400,495,10.00,498,633,572
18612160829,多尔衮,11,400,500,10.08,503,609,567
18612160829,左宗棠,12,400,495,10.00,500,1163,582
18612160829,张之洞,13,400,304,6.14,327,4613,400
18612160829,蒲松龄,14,300,124,1.87,126,589,291
18612160829,李鸿章,15,300,86,1.30,88,518,231
18612160829,李寻欢,16,400,517,10.46,522,1106,562
18612160829,索尼,17,250,94,1.18,98,819,217
18612160829,胡雪岩,18,200,39,.39,42,639,86
18612160829,曹雪芹,19,300,91,1.38,94,703,251
18612160829,海大富,20,400,497,10.05,498,293,532
18612160829,华佗,21,300,114,1.72,116,577,245
18612160829,墨子,22,250,109,1.37,110,247,219
18612160829,杜甫,23,400,346,6.99,369,4772,417
18612160829,廉颇,24,400,495,10.01,499,960,526
18612160829,庄周,25,250,102,1.28,105,672,221
18612160829,李元芳,26,400,196,3.95,227,6276,256
18612160829,鲁班,27,200,89,.89,89,198,192
18612160829,孙武,28,400,498,10.04,504,1250,529
18612160829,张良,29,200,13,.13,15,482,44
18612160829,姜子牙,30,200,13,.13,15,429,47
18612160829,孙膑,31,200,16,.16,17,368,44
18612160829,关羽,33,500,3563,93.37,3588,5069,4028
18612160829,张飞,34,400,518,10.78,537,3948,549
18612160829,赵云,35,400,2108,43.81,2128,4135,2135
18612160829,马超,36,350,744,13.27,764,4130,773
18612160829,黄忠,37,400,507,10.32,529,4498,536
18612160829,诸葛亮,38,400,751,15.42,780,5803,2333
18612160829,庞统,39,400,499,10.25,523,4877,537
18612160829,周瑜,40,400,550,11.26,580,6168,1306
18612160829,郭嘉,41,500,920,23.95,953,6602,2558
18612160829,匈奴王,42,400,496,10.04,497,351,511
18612160829,荆轲,43,400,504,10.23,508,816,2634
18612160829,韦小宝,44,400,497,10.06,528,6362,2200
18612160829,黄飞鸿,45,400,700,14.21,735,7051,2685
18612160829,李白,46,350,664,11.70,668,978,956
18612160829,关银屏,51,500,5508,143.97,5543,7080,12670
18612160829,马云騄,55,500,399,10.11,453,10917,6610
18612160829,张春华,66,400,400,8.06,433,6709,4711
15504973518,零零发,1,400,258,5.21,260,451,306
15504973518,鳌拜,2,400,352,7.12,353,300,400
15504973518,和珅,3,250,128,1.61,128,128,171
15504973518,郑板桥,4,300,187,2.83,187,168,276
15504973518,喜来乐,5,250,102,1.28,196,18964,189
15504973518,苏乞儿,6,400,531,10.74,533,554,630
15504973518,李卫,7,300,164,2.48,164,104,274
15504973518,刘伯温,8,400,346,6.99,347,220,436
15504973518,林则徐,9,250,104,1.31,162,11602,206
15504973518,方世玉,10,400,500,10.08,502,444,595
15504973518,多尔衮,11,400,505,10.18,507,574,603
15504973518,左宗棠,12,400,500,10.09,502,508,587
15504973518,张之洞,13,400,218,4.40,219,310,293
15504973518,蒲松龄,14,300,266,4.02,266,133,378
15504973518,李鸿章,15,250,88,1.11,136,9629,163
15504973518,李寻欢,16,400,495,10.01,496,303,568
15504973518,索尼,17,250,81,1.02,130,9979,143
15504973518,胡雪岩,18,250,72,.91,140,13700,125
15504973518,曹雪芹,19,300,179,2.71,179,16,271
15504973518,海大富,20,350,486,8.58,488,540,539
15504973518,华佗,21,250,64,.81,121,11528,129
15504973518,墨子,22,250,64,.81,141,15456,136
15504973518,杜甫,23,400,290,5.86,291,369,373
15504973518,廉颇,24,400,502,10.15,504,481,560
15504973518,庄周,25,250,64,.80,121,11500,136
15504973518,李元芳,26,350,136,2.40,136,137,192
15504973518,鲁班,27,250,28,.35,28,54,59
15504973518,孙武,28,400,500,10.08,502,557,536
15504973518,张良,29,233,13,.15,27,2952,41
15504973518,姜子牙,30,200,14,.14,29,3013,42
15504973518,孙膑,31,118,14,.08,39,5148,39
15504973518,关羽,33,400,2982,62.31,2982,4,3223
15504973518,张飞,34,400,1891,38.80,1895,804,1964
15504973518,赵云,35,400,503,10.55,504,275,524
15504973518,马超,36,400,496,10.14,500,840,522
15504973518,黄忠,37,400,322,6.68,323,221,351
15504973518,诸葛亮,38,400,1026,21.26,1026,2,3325
15504973518,庞统,39,400,589,12.05,590,239,1907
15504973518,周瑜,40,400,493,10.05,493,5,535
15504973518,郭嘉,41,400,491,10.04,492,234,527
15504973518,荆轲,43,400,528,10.70,528,102,2931
15504973518,韦小宝,44,400,497,10.06,499,422,1797
15504973518,黄飞鸿,45,400,493,10.00,493,132,1989
15504973518,李白,46,400,497,10.02,497,54,536
15504973518,关银屏,51,500,5034,131.56,5134,20066,7767
15504973518,吕玲绮,53,51,136,.35,136,0,184
15504973518,马云騄,55,440,364,8.08,364,137,7506
15504973518,张星彩,58,400,359,7.24,387,5622,3947
15504973518,王异,65,51,10,.03,10,0,61
15504973518,张春华,66,400,364,7.34,404,8137,4365
13812788376,零零发,1,400,270,5.46,318,9758,384
13812788376,鳌拜,2,400,338,6.84,387,9906,514
13812788376,和珅,3,350,197,3.48,201,952,285
13812788376,郑板桥,4,300,136,2.06,138,549,195
13812788376,喜来乐,5,350,187,3.30,191,866,262
13812788376,苏乞儿,6,400,341,6.90,396,11084,499
13812788376,李卫,7,350,158,2.79,160,567,216
13812788376,刘伯温,8,400,210,4.24,255,9160,264
13812788376,林则徐,9,300,163,2.46,167,945,214
13812788376,方世玉,10,400,500,10.08,510,2083,566
13812788376,多尔衮,11,400,500,10.08,510,2144,554
13812788376,左宗棠,12,400,305,6.16,360,11132,368
13812788376,张之洞,13,400,190,3.84,247,11556,244
13812788376,蒲松龄,14,300,129,1.95,132,765,174
13812788376,李鸿章,15,300,125,1.89,129,800,179
13812788376,李寻欢,16,400,502,10.16,534,6413,657
13812788376,索尼,17,350,137,2.42,141,811,202
13812788376,胡雪岩,18,350,188,3.32,190,539,275
13812788376,曹雪芹,19,350,154,2.72,158,846,234
13812788376,海大富,20,400,308,6.22,360,10596,385
13812788376,华佗,21,350,122,2.15,124,530,167
13812788376,墨子,22,300,113,1.71,116,733,155
13812788376,杜甫,23,400,230,4.65,285,11080,300
13812788376,廉颇,24,400,338,6.83,393,11122,406
13812788376,庄周,25,300,116,1.75,118,510,155
13812788376,李元芳,26,400,176,3.55,233,11502,223
13812788376,鲁班,27,300,38,.57,38,193,62
13812788376,孙武,28,400,424,8.55,476,10464,460
13812788376,张良,29,300,28,.42,30,558,53
13812788376,姜子牙,30,300,28,.42,28,119,50
13812788376,孙膑,31,150,14,.11,15,326,40
13812788376,关羽,33,400,1378,28.60,1471,18709,2232
13812788376,张飞,34,400,330,6.72,365,7174,388
13812788376,赵云,35,400,306,6.55,339,6748,444
13812788376,马超,36,400,281,5.72,311,6187,313
13812788376,黄忠,37,400,256,5.34,288,6403,277
13812788376,诸葛亮,38,400,1071,22.09,1078,1428,2699
13812788376,庞统,39,400,311,6.32,360,9810,360
13812788376,周瑜,40,400,338,6.89,368,6081,374
13812788376,郭嘉,41,400,503,10.27,504,312,686
13812788376,荆轲,43,400,1140,23.20,1346,41343,3550
13812788376,韦小宝,44,400,500,10.11,507,1509,1047
13812788376,黄飞鸿,45,400,674,13.67,843,33922,1346
13812788376,李白,46,400,502,10.12,509,1447,542
13812788376,关银屏,51,500,2956,76.04,3010,10847,5032
13812788376,马云騄,55,400,19,.38,822,160616,294
13812788376,徐晃,63,400,291,5.88,343,10429,339
457181660,零零发,1,400,100,2.02,141,8378,114
457181660,鳌拜,2,400,134,2.71,208,14827,176
457181660,和珅,3,300,97,1.47,105,1605,110
457181660,郑板桥,4,300,98,1.48,108,2070,128
457181660,喜来乐,5,300,104,1.57,119,3054,149
457181660,苏乞儿,6,400,80,1.62,146,13354,103
457181660,李卫,7,300,71,1.07,83,2536,110
457181660,刘伯温,8,400,88,1.78,167,15919,123
457181660,林则徐,9,300,116,1.75,133,3542,151
457181660,方世玉,10,350,85,1.50,139,10972,122
457181660,多尔衮,11,350,75,1.32,135,12147,131
457181660,左宗棠,12,350,65,1.15,142,15564,105
457181660,张之洞,13,350,122,2.15,195,14776,179
457181660,蒲松龄,14,300,86,1.30,96,2120,126
457181660,李鸿章,15,300,91,1.37,109,3615,144
457181660,李寻欢,16,400,88,1.78,167,15880,120
457181660,索尼,17,300,109,1.65,118,1882,148
457181660,胡雪岩,18,300,81,1.22,133,10520,116
457181660,曹雪芹,19,300,77,1.16,85,1735,136
457181660,海大富,20,400,97,1.96,186,17905,119
457181660,华佗,21,300,64,.97,71,1522,106
457181660,墨子,22,300,90,1.36,112,4478,117
457181660,杜甫,23,400,110,2.22,198,17627,153
457181660,廉颇,24,350,124,2.19,198,14951,151
457181660,庄周,25,300,81,1.22,97,3266,140
457181660,李元芳,26,350,120,2.11,174,10935,155
457181660,鲁班,27,300,23,.35,24,289,48
457181660,孙武,28,350,50,.88,88,7668,75
457181660,张良,29,100,13,.07,13,170,35
457181660,姜子牙,30,35,15,.03,23,1610,37
457181660,孙膑,31,6,13,.00,13,180,35
457181660,关羽,33,400,670,13.66,701,6233,740
457181660,张飞,34,400,2163,44.97,2231,13742,2301
457181660,赵云,35,400,173,3.78,296,24691,191
457181660,马超,36,400,356,7.25,375,3813,454
457181660,黄忠,37,400,424,8.63,442,3602,438
457181660,诸葛亮,38,400,502,10.27,506,919,539
457181660,庞统,39,400,502,10.23,505,605,529
457181660,周瑜,40,400,1631,33.53,1672,8312,3097
457181660,郭嘉,41,400,626,12.77,676,10072,1023
457181660,荆轲,43,400,498,10.08,505,1433,636
457181660,韦小宝,44,400,500,10.12,514,2957,1329
457181660,黄飞鸿,45,400,495,10.08,526,6328,2345
457181660,李白,46,400,696,14.04,722,5201,1787
457181660,关银屏,51,400,340,6.86,467,25515,1294
457181660,马云騄,55,400,511,10.31,526,3139,1926
457181660,张辽,59,350,75,1.32,131,11218,114
457181660,张春华,66,400,97,1.96,403,61393,146
z7211191,零零发,1,400,118,2.38,194,15389,150
z7211191,鳌拜,2,350,174,3.07,232,11711,221
z7211191,和珅,3,150,17,.13,22,1149,42
z7211191,郑板桥,4,250,110,1.38,120,2002,165
z7211191,喜来乐,5,200,58,.58,66,1621,135
z7211191,苏乞儿,6,350,136,2.40,250,22880,179
z7211191,李卫,7,153,62,.48,70,1699,106
z7211191,刘伯温,8,350,100,1.76,174,14847,164
z7211191,林则徐,9,200,60,.60,68,1760,115
z7211191,方世玉,10,350,65,1.15,153,17726,140
z7211191,多尔衮,11,350,70,1.23,160,18163,121
z7211191,左宗棠,12,350,40,.71,114,14950,101
z7211191,张之洞,13,350,64,1.13,144,16065,146
z7211191,蒲松龄,14,200,77,.77,86,1905,124
z7211191,李鸿章,15,200,79,.79,90,2356,142
z7211191,李寻欢,16,400,423,8.56,481,11615,554
z7211191,索尼,17,250,104,1.31,111,1578,172
z7211191,胡雪岩,18,150,27,.20,34,1451,56
z7211191,曹雪芹,19,250,102,1.28,110,1755,161
z7211191,海大富,20,350,171,3.02,236,13064,228
z7211191,华佗,21,150,48,.36,57,1865,92
z7211191,墨子,22,250,80,1.01,91,2293,132
z7211191,杜甫,23,350,62,1.09,156,18912,120
z7211191,廉颇,24,400,203,4.10,306,20642,271
z7211191,庄周,25,250,76,.95,85,1973,131
z7211191,李元芳,26,350,76,1.34,168,18539,115
z7211191,鲁班,27,150,14,.11,14,58,42
z7211191,孙武,28,400,66,1.33,143,15503,94
z7211191,张良,29,150,15,.11,16,304,37
z7211191,姜子牙,30,150,13,.10,15,426,38
z7211191,孙膑,31,45,16,.04,17,344,41
z7211191,关羽,33,400,1610,33.03,1617,1481,1637
z7211191,张飞,34,400,313,6.37,378,13126,339
z7211191,赵云,35,400,276,6.06,386,22166,297
z7211191,马超,36,400,2389,50.00,2398,1989,2413
z7211191,黄忠,37,400,324,6.59,384,12054,351
z7211191,诸葛亮,38,400,574,11.82,578,845,1822
z7211191,庞统,39,400,291,5.90,359,13752,324
z7211191,周瑜,40,400,207,4.22,286,15863,243
z7211191,郭嘉,41,400,659,13.68,664,1149,2190
z7211191,荆轲,43,400,78,1.58,156,15729,132
z7211191,韦小宝,44,400,215,4.35,289,14851,930
z7211191,黄飞鸿,45,400,308,6.22,410,20586,492
z7211191,孙尚香,50,500,644,16.41,678,6979,4906
z7211191,关银屏,51,500,4444,114.69,4506,12428,6481
z7211191,马云騄,55,400,16,.32,85,13841,115
15686784340,零零发,1,400,128,2.58,131,774,152
15686784340,鳌拜,2,400,140,2.83,140,186,173
15686784340,和珅,3,250,69,.87,70,273,103
15686784340,郑板桥,4,198,88,.87,89,380,123
15686784340,喜来乐,5,200,81,.81,82,337,121
15686784340,苏乞儿,6,350,243,4.29,264,4253,264
15686784340,李卫,7,250,88,1.11,89,399,135
15686784340,刘伯温,8,400,98,1.98,118,4086,137
15686784340,林则徐,9,200,80,.80,81,305,116
15686784340,方世玉,10,350,280,4.93,305,5003,330
15686784340,多尔衮,11,350,250,4.41,273,4788,287
15686784340,左宗棠,12,350,240,4.23,260,4189,280
15686784340,张之洞,13,350,180,3.17,181,304,225
15686784340,蒲松龄,14,250,86,1.08,87,324,141
15686784340,李鸿章,15,200,87,.87,89,405,127
15686784340,李寻欢,16,350,236,4.17,260,4918,285
15686784340,索尼,17,250,100,1.26,101,294,153
15686784340,胡雪岩,18,200,71,.71,72,253,103
15686784340,曹雪芹,19,200,71,.71,72,269,112
15686784340,海大富,20,400,256,5.17,280,4887,288
15686784340,华佗,21,300,101,1.52,102,256,156
15686784340,墨子,22,200,72,.72,73,235,104
15686784340,杜甫,23,350,278,4.91,279,299,336
15686784340,廉颇,24,350,232,4.09,256,4939,258
15686784340,庄周,25,250,78,.98,79,251,125
15686784340,李元芳,26,350,100,1.76,122,4538,129
15686784340,鲁班,27,200,13,.13,13,143,42
15686784340,孙武,28,350,396,6.98,423,5545,422
15686784340,张良,29,250,72,.90,74,432,130
15686784340,姜子牙,30,60,12,.04,12,92,34
15686784340,孙膑,31,51,56,.14,57,284,78
15686784340,关羽,33,400,2051,42.59,2122,14354,2087
15686784340,张飞,34,400,263,5.35,276,2749,277
15686784340,赵云,35,400,158,3.42,172,2946,176
15686784340,马超,36,400,321,6.54,334,2675,339
15686784340,黄忠,37,400,210,4.30,222,2586,224
15686784340,诸葛亮,38,400,303,6.21,324,4227,823
15686784340,庞统,39,400,327,6.65,346,3986,356
15686784340,周瑜,40,400,268,5.44,286,3609,310
15686784340,郭嘉,41,400,401,8.31,404,694,2053
15686784340,荆轲,43,400,456,9.23,463,1545,2435
15686784340,韦小宝,44,400,125,2.52,147,4477,518
15686784340,黄飞鸿,45,400,411,8.32,436,5006,2320
15686784340,李白,46,400,565,11.40,569,895,1038
15686784340,关银屏,51,400,3108,63.39,3188,16005,4730
15686784340,马云騄,55,400,349,7.04,370,4326,444
shinecy1126,零零发,1,300,50,.76,114,12935,76
shinecy1126,鳌拜,2,350,124,2.19,213,17956,153
shinecy1126,和珅,3,250,36,.45,60,4802,108
shinecy1126,郑板桥,4,250,35,.44,63,5684,110
shinecy1126,喜来乐,5,300,24,.36,58,6801,133
shinecy1126,苏乞儿,6,400,479,9.69,519,8035,524
shinecy1126,李卫,7,250,35,.44,66,6338,109
shinecy1126,刘伯温,8,350,36,.63,125,17940,121
shinecy1126,林则徐,9,350,34,.60,74,8042,367
shinecy1126,方世玉,10,350,40,.71,143,20788,93
shinecy1126,多尔衮,11,400,505,10.19,527,4557,931
shinecy1126,左宗棠,12,350,75,1.32,182,21448,115
shinecy1126,张之洞,13,350,20,.35,102,16525,98
shinecy1126,蒲松龄,14,250,28,.35,64,7201,111
shinecy1126,李鸿章,15,300,45,.68,59,2932,150
shinecy1126,李寻欢,16,350,138,2.44,247,21906,171
shinecy1126,索尼,17,250,14,.18,14,193,54
shinecy1126,胡雪岩,18,200,13,.13,14,224,62
shinecy1126,曹雪芹,19,250,39,.49,62,4752,116
shinecy1126,海大富,20,350,86,1.52,194,21726,107
shinecy1126,华佗,21,250,22,.28,43,4392,97
shinecy1126,墨子,22,300,54,.82,75,4298,137
shinecy1126,杜甫,23,400,94,1.90,208,22888,191
shinecy1126,廉颇,24,350,117,2.07,151,6926,141
shinecy1126,庄周,25,350,28,.49,67,7897,225
shinecy1126,李元芳,26,300,28,.42,90,12519,58
shinecy1126,鲁班,27,300,39,.59,75,7211,154
shinecy1126,孙武,28,350,116,2.05,153,7507,139
shinecy1126,张良,29,250,41,.52,85,8946,128
shinecy1126,姜子牙,30,286,35,.50,64,5977,121
shinecy1126,孙膑,31,1,11,.00,34,4710,33
shinecy1126,关羽,33,400,530,11.11,565,7150,763
shinecy1126,张飞,34,400,104,2.12,195,18350,118
shinecy1126,赵云,35,400,134,3.08,218,16860,152
shinecy1126,马超,36,400,159,3.24,261,20491,185
shinecy1126,黄忠,37,350,97,1.73,178,16371,111
shinecy1126,诸葛亮,38,400,412,8.49,471,11965,542
shinecy1126,庞统,39,400,89,1.83,193,20823,182
shinecy1126,周瑜,40,400,104,2.11,186,16504,150
shinecy1126,郭嘉,41,400,602,12.43,619,3451,2060
shinecy1126,荆轲,43,400,720,14.58,792,14540,1632
shinecy1126,韦小宝,44,400,353,7.14,410,11543,2545
shinecy1126,黄飞鸿,45,400,311,6.28,388,15487,517
shinecy1126,李白,46,400,257,5.18,296,7906,543
shinecy1126,关银屏,51,400,3284,67.11,3338,10886,5169
shinecy1126,马云騄,55,400,13,.26,96,16644,108
lonely7201984,零零发,1,350,188,3.32,194,1344,200
lonely7201984,鳌拜,2,350,136,2.40,179,8739,166
lonely7201984,和珅,3,100,62,.31,71,1972,75
lonely7201984,郑板桥,4,160,70,.56,72,430,108
lonely7201984,喜来乐,5,200,86,.86,88,431,135
lonely7201984,苏乞儿,6,350,141,2.49,185,8837,162
lonely7201984,李卫,7,250,70,.88,72,430,110
lonely7201984,刘伯温,8,350,74,1.30,115,8205,100
lonely7201984,林则徐,9,250,78,.98,80,432,127
lonely7201984,方世玉,10,350,105,1.85,149,8812,139
lonely7201984,多尔衮,11,350,105,1.85,148,8674,136
lonely7201984,左宗棠,12,350,80,1.41,88,1728,118
lonely7201984,张之洞,13,350,108,1.90,150,8406,164
lonely7201984,蒲松龄,14,200,58,.58,60,553,94
lonely7201984,李鸿章,15,200,86,.86,88,458,141
lonely7201984,李寻欢,16,350,110,1.94,114,988,133
lonely7201984,索尼,17,300,93,1.40,115,4506,153
lonely7201984,胡雪岩,18,150,63,.47,64,390,105
lonely7201984,曹雪芹,19,200,81,.81,83,572,116
lonely7201984,海大富,20,350,142,2.51,146,966,163
lonely7201984,华佗,21,250,64,.80,66,423,111
lonely7201984,墨子,22,100,50,.25,51,371,85
lonely7201984,杜甫,23,350,118,2.08,161,8736,194
lonely7201984,廉颇,24,350,230,4.06,272,8578,255
lonely7201984,庄周,25,300,104,1.57,105,394,176
lonely7201984,李元芳,26,350,120,2.11,162,8558,150
lonely7201984,鲁班,27,200,66,.66,67,204,107
lonely7201984,孙武,28,350,114,2.01,159,9144,139
lonely7201984,张良,29,100,13,.07,22,1945,35
lonely7201984,姜子牙,30,150,48,.36,49,271,70
lonely7201984,孙膑,31,24,27,.03,28,349,49
lonely7201984,关羽,33,400,2842,58.77,2881,7850,3111
lonely7201984,张飞,34,400,615,12.52,666,10207,759
lonely7201984,赵云,35,400,449,9.50,487,7668,467
lonely7201984,马超,36,350,312,5.54,314,451,402
lonely7201984,黄忠,37,350,237,4.21,267,6035,251
lonely7201984,诸葛亮,38,400,399,8.17,427,5615,766
lonely7201984,庞统,39,400,458,9.31,501,8777,485
lonely7201984,周瑜,40,350,376,6.66,416,8054,392
lonely7201984,郭嘉,41,400,1328,27.11,1357,5820,2795
lonely7201984,荆轲,43,400,504,10.21,509,1060,2351
lonely7201984,韦小宝,44,350,185,3.26,230,9124,782
lonely7201984,黄飞鸿,45,400,451,9.12,496,9120,1676
lonely7201984,李白,46,400,514,10.37,525,2222,630
lonely7201984,马云騄,55,400,208,4.19,254,9268,306
lonely7201984,张星彩,58,400,144,2.90,199,11144,1801
lonely7201984,张春华,66,400,409,8.25,457,9688,1198
liu271,零零发,1,300,30,.45,102,14424,42
liu271,鳌拜,2,350,114,2.01,154,8179,144
liu271,和珅,3,59,13,.04,18,1155,26
liu271,郑板桥,4,59,13,.04,17,970,38
liu271,喜来乐,5,150,51,.38,61,2118,83
liu271,苏乞儿,6,350,200,3.53,247,9467,221
liu271,李卫,7,59,28,.08,36,1675,54
liu271,刘伯温,8,300,22,.33,98,15319,49
liu271,林则徐,9,59,40,.12,57,3598,91
liu271,方世玉,10,350,30,.53,137,21584,63
liu271,多尔衮,11,350,95,1.67,139,8895,122
liu271,左宗棠,12,350,115,2.03,160,9172,142
liu271,张之洞,13,300,54,.82,136,16502,105
liu271,蒲松龄,14,59,35,.10,47,2448,63
liu271,李鸿章,15,59,31,.09,51,4172,67
liu271,李寻欢,16,320,189,3.05,285,19369,216
liu271,索尼,17,59,50,.15,58,1774,81
liu271,胡雪岩,18,59,49,.14,65,3201,73
liu271,曹雪芹,19,59,45,.13,55,2044,69
liu271,海大富,20,400,171,3.45,276,21043,196
liu271,华佗,21,59,47,.14,54,1404,81
liu271,墨子,22,59,58,.17,71,2625,82
liu271,杜甫,23,350,58,1.02,161,20617,224
liu271,廉颇,24,350,150,2.65,247,19416,175
liu271,庄周,25,59,45,.13,66,4220,75
liu271,李元芳,26,300,44,.66,143,19812,70
liu271,鲁班,27,59,41,.12,55,2899,67
liu271,孙武,28,300,66,1.00,145,15917,91
liu271,张良,29,59,50,.15,61,2399,72
liu271,姜子牙,30,49,40,.10,41,361,62
liu271,孙膑,31,51,13,.03,16,740,35
liu271,关羽,33,500,3075,80.05,3098,4752,4658
liu271,张飞,34,400,156,3.18,271,23177,170
liu271,赵云,35,400,370,7.90,411,8276,391
liu271,马超,36,400,216,4.40,314,19653,674
liu271,黄忠,37,400,84,1.71,171,17501,98
liu271,诸葛亮,38,400,832,17.07,848,3269,1321
liu271,庞统,39,350,91,1.63,112,4213,118
liu271,周瑜,40,400,189,3.83,335,29274,205
liu271,郭嘉,41,400,1727,35.44,1772,9170,3219
liu271,荆轲,43,400,102,2.06,169,13571,156
liu271,韦小宝,44,350,158,2.79,292,26812,1131
liu271,黄飞鸿,45,400,353,7.12,362,1986,578
liu271,关银屏,51,400,1210,24.51,1243,6616,2617
liu271,马云騄,55,400,192,3.87,243,10218,1967
cq1473691,零零发,1,350,492,8.67,492,130,528
cq1473691,鳌拜,2,350,124,2.19,124,179,128
cq1473691,和珅,3,50,1,.00,77,15322,10
cq1473691,郑板桥,4,50,1,.00,45,8905,10
cq1473691,喜来乐,5,50,1,.00,51,10180,10
cq1473691,苏乞儿,6,350,104,1.83,120,3396,109
cq1473691,李卫,7,51,3,.01,27,4925,14
cq1473691,刘伯温,8,350,26,.46,114,17619,36
cq1473691,林则徐,9,350,10,.18,74,12915,515
cq1473691,方世玉,10,350,70,1.23,93,4657,80
cq1473691,多尔衮,11,350,5,.09,99,18975,13
cq1473691,左宗棠,12,350,5,.09,92,17502,13
cq1473691,张之洞,13,350,26,.46,96,14121,507
cq1473691,蒲松龄,14,51,1,.00,34,6630,13
cq1473691,李鸿章,15,51,1,.00,30,5925,13
cq1473691,李寻欢,16,350,10,.18,55,9034,16
cq1473691,海大富,20,350,51,.90,67,3381,58
cq1473691,华佗,21,51,2,.01,29,5402,16
cq1473691,墨子,22,51,1,.00,34,6625,15
cq1473691,杜甫,23,350,66,1.16,89,4766,77
cq1473691,廉颇,24,350,9,.16,67,11689,16
cq1473691,庄周,25,51,1,.00,37,7370,16
cq1473691,李元芳,26,350,4,.07,61,11556,16
cq1473691,鲁班,27,51,1,.00,2,305,16
cq1473691,孙武,28,350,30,.53,49,3848,37
cq1473691,张良,29,1,1,.00,1,30,17
cq1473691,关羽,33,350,235,4.18,238,777,244
cq1473691,张飞,34,350,265,4.71,267,538,274
cq1473691,赵云,35,350,202,3.75,205,769,211
cq1473691,马超,36,350,311,5.53,312,310,320
cq1473691,黄忠,37,350,317,5.63,320,638,326
cq1473691,诸葛亮,38,350,381,6.85,386,1114,396
cq1473691,庞统,39,350,301,5.33,302,325,311
cq1473691,周瑜,40,350,196,3.47,199,783,206
cq1473691,郭嘉,41,350,377,6.72,387,2111,386
cq1473691,韦小宝,44,400,179,3.62,181,500,1094
cq1473691,马云騄,55,400,365,7.36,370,1074,455
cq1473693,零零发,1,350,434,7.65,434,146,466
cq1473693,鳌拜,2,350,126,2.22,128,441,132
cq1473693,和珅,3,350,5,.09,89,16860,389
cq1473693,郑板桥,4,50,5,.01,60,11080,15
cq1473693,喜来乐,5,50,3,.01,29,5365,13
cq1473693,苏乞儿,6,350,109,1.92,124,3193,115
cq1473693,李卫,7,51,5,.01,39,6965,16
cq1473693,刘伯温,8,350,20,.35,99,15960,31
cq1473693,林则徐,9,300,10,.15,103,18628,352
cq1473693,方世玉,10,350,70,1.23,87,3535,79
cq1473693,多尔衮,11,350,65,1.15,96,6266,74
cq1473693,左宗棠,12,350,40,.70,70,6063,49
cq1473693,张之洞,13,350,12,.21,59,9564,25
cq1473693,蒲松龄,14,51,3,.01,61,11615,16
cq1473693,李鸿章,15,51,3,.01,21,3695,16
cq1473693,李寻欢,16,350,30,.53,74,8897,37
cq1473693,海大富,20,350,68,1.20,94,5298,76
cq1473693,华佗,21,51,3,.01,73,14115,17
cq1473693,墨子,22,51,3,.01,61,11665,17
cq1473693,杜甫,23,350,46,.81,72,5327,58
cq1473693,廉颇,24,350,24,.42,76,10566,32
cq1473693,庄周,25,51,3,.01,46,8685,18
cq1473693,李元芳,26,350,4,.07,69,13093,17
cq1473693,鲁班,27,51,3,.01,14,2280,18
cq1473693,孙武,28,350,12,.21,58,9285,20
cq1473693,张良,29,1,3,.00,11,1685,19
cq1473693,关羽,33,350,324,5.76,324,192,333
cq1473693,张飞,34,350,268,4.76,271,730,277
cq1473693,赵云,35,350,241,4.45,245,877,250
cq1473693,马超,36,350,348,6.18,349,230,357
cq1473693,黄忠,37,350,364,6.47,367,636,373
cq1473693,诸葛亮,38,350,396,7.11,400,854,407
cq1473693,庞统,39,350,378,6.70,382,935,389
cq1473693,周瑜,40,350,353,6.25,356,672,363
cq1473693,郭嘉,41,350,386,6.87,389,663,397
cq1473693,韦小宝,44,350,188,3.32,189,211,626
cq1473693,马云騄,55,400,421,8.49,422,291,639
