profile,姓名,id,等级,武力,战力,满武力,书籍经验,总资质
wang25687,零零发,1,350,380,6.71,396,3397,418
wang25687,鳌拜,2,350,578,10.20,580,502,675
wang25687,和珅,3,300,173,2.61,176,643,268
wang25687,郑板桥,4,300,168,2.54,171,773,463
wang25687,喜来乐,5,300,107,1.62,110,793,350
wang25687,苏乞儿,6,350,586,10.34,666,16090,622
wang25687,李卫,7,300,133,2.01,136,676,279
wang25687,刘伯温,8,350,386,6.81,404,3663,605
wang25687,林则徐,9,350,230,4.06,301,14296,787
wang25687,方世玉,10,400,495,10.03,502,1511,570
wang25687,多尔衮,11,400,500,10.08,504,959,549
wang25687,左宗棠,12,400,500,10.10,506,1264,565
wang25687,张之洞,13,400,506,10.20,516,2151,682
wang25687,蒲松龄,14,300,126,1.90,130,826,297
wang25687,李鸿章,15,300,181,2.74,186,1130,356
wang25687,李寻欢,16,400,500,10.10,504,813,588
wang25687,索尼,17,300,144,2.18,148,923,305
wang25687,胡雪岩,18,300,157,2.37,235,15670,371
wang25687,曹雪芹,19,300,187,2.83,190,731,377
wang25687,海大富,20,400,507,10.24,512,1099,579
wang25687,华佗,21,300,132,2.00,212,16097,187
wang25687,墨子,22,300,233,3.53,347,22967,436
wang25687,杜甫,23,400,496,10.02,503,1464,644
wang25687,廉颇,24,400,518,10.47,581,12708,570
wang25687,庄周,25,300,143,2.16,148,1052,266
wang25687,李元芳,26,400,440,8.89,463,4774,497
wang25687,鲁班,27,300,48,.72,51,662,115
wang25687,孙武,28,400,498,10.04,502,903,532
wang25687,张良,29,127,22,.14,63,8335,44
wang25687,姜子牙,30,300,18,.27,20,467,73
wang25687,孙膑,31,51,13,.03,25,2430,38
wang25687,关羽,33,400,1948,40.96,1969,4379,2144
wang25687,张飞,34,400,499,10.17,507,1607,648
wang25687,赵云,35,400,505,10.83,514,1959,604
wang25687,马超,36,400,577,11.78,667,18151,661
wang25687,黄忠,37,400,541,11.02,656,23000,591
wang25687,诸葛亮,38,500,640,16.55,644,977,3001
wang25687,庞统,39,400,499,10.23,702,40651,718
wang25687,周瑜,40,400,498,10.10,740,48490,622
wang25687,郭嘉,41,400,528,11.02,779,50268,2039
wang25687,荆轲,43,350,570,10.07,703,26759,1384
wang25687,韦小宝,44,400,525,10.61,568,8745,1030
wang25687,黄飞鸿,45,350,569,10.05,639,14151,898
wang25687,李白,46,350,729,12.85,812,16642,987
wang25687,吕布,47,400,662,13.39,705,8688,1044
wang25687,孙尚香,50,400,525,10.61,706,36381,2317
wang25687,关银屏,51,500,4164,108.33,4235,14297,11866
wang25687,马云騄,55,500,523,13.31,532,1978,7205
wang25687,张春华,66,400,504,10.16,580,15317,4155
ssqwerty,零零发,1,400,536,10.81,536,106,624
ssqwerty,鳌拜,2,400,543,10.96,545,518,641
ssqwerty,和珅,3,350,184,3.24,212,5602,565
ssqwerty,郑板桥,4,300,171,2.58,193,4467,520
ssqwerty,喜来乐,5,250,188,2.36,212,4986,386
ssqwerty,苏乞儿,6,400,564,11.39,619,11060,653
ssqwerty,李卫,7,300,176,2.66,184,1782,414
ssqwerty,刘伯温,8,350,470,8.28,501,6299,526
ssqwerty,林则徐,9,350,251,4.42,266,3145,737
ssqwerty,方世玉,10,335,335,5.65,348,2720,383
ssqwerty,多尔衮,11,350,395,6.96,440,9122,441
ssqwerty,左宗棠,12,400,525,10.61,540,3072,586
ssqwerty,张之洞,13,400,494,9.96,514,4014,550
ssqwerty,蒲松龄,14,250,171,2.15,184,2631,364
ssqwerty,李鸿章,15,300,178,2.69,188,2110,358
ssqwerty,李寻欢,16,400,566,11.45,604,7691,632
ssqwerty,索尼,17,300,170,2.57,179,1817,450
ssqwerty,胡雪岩,18,250,191,2.40,199,1610,433
ssqwerty,曹雪芹,19,300,149,2.25,158,1858,502
ssqwerty,海大富,20,400,535,10.82,582,9504,602
ssqwerty,华佗,21,300,157,2.37,164,1556,550
ssqwerty,墨子,22,350,312,5.50,358,9317,629
ssqwerty,杜甫,23,400,500,10.09,509,1979,833
ssqwerty,廉颇,24,400,505,10.19,533,5625,549
ssqwerty,庄周,25,200,32,.32,32,118,61
ssqwerty,李元芳,26,300,400,6.04,459,11877,439
ssqwerty,鲁班,27,59,20,.06,20,70,137
ssqwerty,孙武,28,400,518,10.44,556,7723,574
ssqwerty,张良,29,58,62,.18,63,325,112
ssqwerty,姜子牙,30,58,33,.10,52,3955,91
ssqwerty,孙膑,31,53,20,.05,20,66,135
ssqwerty,关羽,33,400,536,11.86,536,23,599
ssqwerty,张飞,34,400,690,14.16,694,981,815
ssqwerty,赵云,35,400,596,12.39,600,842,680
ssqwerty,马超,36,500,4845,125.74,4917,14539,4874
ssqwerty,黄忠,37,400,608,12.38,609,291,701
ssqwerty,诸葛亮,38,400,537,11.16,539,516,914
ssqwerty,庞统,39,400,500,10.23,515,3017,985
ssqwerty,周瑜,40,400,499,10.27,511,2583,1743
ssqwerty,郭嘉,41,400,570,11.91,584,2824,2364
ssqwerty,匈奴王,42,47,99,.23,165,13340,114
ssqwerty,荆轲,43,400,654,13.24,665,2309,996
ssqwerty,韦小宝,44,400,507,10.25,521,2826,2753
ssqwerty,黄飞鸿,45,400,617,12.55,628,2251,2985
ssqwerty,李白,46,400,521,10.50,531,2074,610
ssqwerty,马云騄,55,500,396,10.11,480,16974,9902
ssqwerty,张星彩,58,500,401,10.17,494,18617,8133
ssqwerty,张辽,59,400,527,10.70,589,12448,645
ssqwerty,乐进,60,400,477,9.69,546,13817,521
ssqwerty,于禁,61,400,529,10.74,589,12065,642
ssqwerty,张郃,62,400,528,10.72,583,11148,633
ssqwerty,徐晃,63,400,382,7.77,450,13668,442
ssqwerty,摸金校尉,64,350,303,5.35,362,11955,357
ssqwerty,张春华,66,500,400,10.10,444,8953,6181
ssqwerty,祝融,68,500,1554,39.24,1570,3282,1619
ssqwerty,高长恭,69,54,173,.47,204,6316,229
ssqwerty,霍去病,71,349,370,6.53,431,12200,453
ssqwerty,陆逊,72,300,413,6.25,483,14101,471
18612160829,零零发,1,400,142,2.87,252,22105,186
18612160829,鳌拜,2,400,156,3.15,217,12336,194
18612160829,和珅,3,250,78,.98,130,10477,140
18612160829,郑板桥,4,300,125,1.89,166,8343,202
18612160829,喜来乐,5,300,160,2.42,214,10804,255
18612160829,苏乞儿,6,400,185,3.74,289,20933,224
18612160829,李卫,7,200,23,.23,25,419,73
18612160829,刘伯温,8,400,108,2.18,189,16331,183
18612160829,林则徐,9,300,107,1.62,160,10648,206
18612160829,方世玉,10,400,100,2.02,193,18677,177
18612160829,多尔衮,11,350,105,1.85,207,20546,172
18612160829,左宗棠,12,350,135,2.38,153,3656,222
18612160829,张之洞,13,360,160,2.90,270,22148,256
18612160829,蒲松龄,14,300,124,1.87,169,9027,229
18612160829,李鸿章,15,300,86,1.30,130,8828,173
18612160829,李寻欢,16,400,365,7.38,502,27428,410
18612160829,索尼,17,250,94,1.18,143,9966,161
18612160829,胡雪岩,18,200,39,.39,39,195,86
18612160829,曹雪芹,19,300,91,1.38,147,11274,189
18612160829,海大富,20,400,159,3.21,221,12534,194
18612160829,华佗,21,300,114,1.72,158,8898,189
18612160829,墨子,22,250,109,1.37,150,8221,168
18612160829,杜甫,23,350,108,1.91,219,22392,179
18612160829,廉颇,24,350,172,3.04,257,17131,203
18612160829,庄周,25,250,102,1.28,152,10171,161
18612160829,李元芳,26,350,96,1.69,175,15865,156
18612160829,鲁班,27,200,89,.89,130,8299,141
18612160829,孙武,28,350,86,1.52,159,14749,117
18612160829,张良,29,200,13,.13,14,304,44
18612160829,姜子牙,30,200,13,.13,13,105,47
18612160829,孙膑,31,200,16,.16,16,94,44
18612160829,关羽,33,500,3489,91.46,3534,9075,3954
18612160829,张飞,34,400,408,8.44,483,15196,439
18612160829,赵云,35,400,2039,42.28,2075,7353,2066
18612160829,马超,36,350,678,12.09,717,7869,707
18612160829,黄忠,37,400,431,8.77,479,9704,460
18612160829,诸葛亮,38,400,741,15.18,755,2988,2288
18612160829,庞统,39,400,284,5.82,389,21086,322
18612160829,周瑜,40,400,490,10.03,527,7443,1244
18612160829,郭嘉,41,500,915,23.82,973,11631,2475
18612160829,匈奴王,42,350,113,2.00,228,23153,128
18612160829,荆轲,43,400,396,8.04,494,19649,2509
18612160829,韦小宝,44,400,207,4.19,340,26637,1910
18612160829,黄飞鸿,45,400,700,14.21,763,12702,2616
18612160829,李白,46,350,612,10.79,651,7951,904
18612160829,关银屏,51,500,5508,143.95,5582,14804,9419
18612160829,马云騄,55,500,202,5.12,284,16461,3555
18612160829,张春华,66,400,34,.69,165,26283,1671
15504973518,零零发,1,350,188,3.32,212,4873,234
15504973518,鳌拜,2,350,282,4.98,303,4319,328
15504973518,和珅,3,250,69,.87,117,9618,110
15504973518,郑板桥,4,300,104,1.57,165,12295,193
15504973518,喜来乐,5,250,102,1.28,171,13856,187
15504973518,苏乞儿,6,350,444,7.85,466,4424,541
15504973518,李卫,7,300,104,1.57,145,8377,212
15504973518,刘伯温,8,350,200,3.53,229,5858,290
15504973518,林则徐,9,250,104,1.31,150,9228,206
15504973518,方世玉,10,350,180,3.17,200,4038,273
15504973518,多尔衮,11,350,190,3.35,220,6082,286
15504973518,左宗棠,12,350,65,1.15,168,20678,150
15504973518,张之洞,13,350,110,1.94,164,10856,185
15504973518,蒲松龄,14,300,174,2.63,214,8127,280
15504973518,李鸿章,15,250,88,1.11,126,7738,163
15504973518,李寻欢,16,350,170,3.01,251,16388,243
15504973518,索尼,17,250,81,1.02,118,7586,143
15504973518,胡雪岩,18,250,72,.91,123,10345,125
15504973518,曹雪芹,19,300,130,1.97,172,8473,222
15504973518,海大富,20,310,96,1.50,178,16484,149
15504973518,华佗,21,250,64,.81,110,9359,127
15504973518,墨子,22,250,64,.81,114,10016,136
15504973518,杜甫,23,350,44,.78,145,20330,127
15504973518,廉颇,24,350,127,2.25,209,16564,185
15504973518,庄周,25,250,64,.80,101,7465,136
15504973518,李元芳,26,250,8,.10,8,35,64
15504973518,鲁班,27,250,28,.35,28,54,59
15504973518,孙武,28,350,106,1.87,192,17287,142
15504973518,张良,29,233,13,.15,13,190,41
15504973518,姜子牙,30,200,14,.14,14,195,42
15504973518,孙膑,31,118,14,.08,14,73,39
15504973518,关羽,33,400,2875,60.11,2973,19729,3116
15504973518,张飞,34,400,1773,36.38,1871,19745,1846
15504973518,赵云,35,400,441,9.17,485,8967,462
15504973518,马超,36,400,444,9.08,472,5743,470
15504973518,黄忠,37,350,152,2.81,262,22036,179
15504973518,诸葛亮,38,400,1016,21.03,1036,4180,3276
15504973518,庞统,39,400,499,10.20,560,12229,1815
15504973518,周瑜,40,350,152,2.71,293,28384,192
15504973518,郭嘉,41,400,264,5.42,331,13477,300
15504973518,荆轲,43,400,402,8.15,497,19032,2805
15504973518,韦小宝,44,400,246,4.98,367,24236,1546
15504973518,黄飞鸿,45,400,349,7.07,450,20269,1845
15504973518,李白,46,350,123,2.17,205,16408,162
15504973518,关银屏,51,500,5034,131.55,5104,14063,7767
15504973518,马云騄,55,440,242,5.37,354,22517,1998
13812788376,零零发,1,400,268,5.42,276,1793,382
13812788376,鳌拜,2,400,336,6.80,344,1753,512
13812788376,和珅,3,350,197,3.48,198,320,285
13812788376,郑板桥,4,300,136,2.06,136,139,195
13812788376,喜来乐,5,350,187,3.30,188,288,262
13812788376,苏乞儿,6,400,339,6.86,353,2975,497
13812788376,李卫,7,350,158,2.79,159,361,216
13812788376,刘伯温,8,400,210,4.24,218,1769,264
13812788376,林则徐,9,300,163,2.46,165,403,214
13812788376,方世玉,10,400,500,10.08,505,1171,566
13812788376,多尔衮,11,400,500,10.08,504,950,554
13812788376,左宗棠,12,400,305,6.16,322,3413,368
13812788376,张之洞,13,390,190,3.74,212,4461,244
13812788376,蒲松龄,14,300,129,1.95,130,319,174
13812788376,李鸿章,15,300,125,1.89,126,384,179
13812788376,李寻欢,16,360,475,8.64,491,3256,630
13812788376,索尼,17,350,137,2.42,138,269,202
13812788376,胡雪岩,18,350,188,3.32,188,197,275
13812788376,曹雪芹,19,350,154,2.72,155,374,234
13812788376,海大富,20,370,308,5.75,324,3227,385
13812788376,华佗,21,350,122,2.15,123,242,167
13812788376,墨子,22,300,113,1.71,114,375,155
13812788376,杜甫,23,360,228,4.14,245,3515,298
13812788376,廉颇,24,350,338,5.97,353,3191,406
13812788376,庄周,25,300,116,1.75,116,164,155
13812788376,李元芳,26,400,176,3.55,195,3973,223
13812788376,鲁班,27,300,38,.57,38,193,62
13812788376,孙武,28,400,422,8.51,436,2877,458
13812788376,张良,29,300,28,.42,28,162,53
13812788376,姜子牙,30,300,28,.42,28,3,50
13812788376,孙膑,31,150,14,.11,14,54,40
13812788376,关羽,33,400,1360,28.23,1464,20927,2214
13812788376,张飞,34,400,316,6.43,323,1503,374
13812788376,赵云,35,400,292,6.16,298,1297,430
13812788376,马超,36,400,269,5.47,275,1214,301
13812788376,黄忠,37,400,238,4.98,245,1476,259
13812788376,诸葛亮,38,400,1061,21.86,1066,1060,2689
13812788376,庞统,39,380,301,5.81,316,3073,350
13812788376,周瑜,40,350,318,5.67,330,2572,354
13812788376,郭嘉,41,400,498,10.17,499,270,681
13812788376,荆轲,43,400,1140,23.20,1340,40089,3550
13812788376,韦小宝,44,400,498,10.07,499,379,1045
13812788376,黄飞鸿,45,400,674,13.67,837,32782,1346
13812788376,李白,46,400,502,10.12,504,581,542
13812788376,关银屏,51,500,2956,76.04,3003,9441,5032
13812788376,马云騄,55,400,17,.34,780,152727,288
13812788376,徐晃,63,400,291,5.88,304,2770,339
457181660,零零发,1,350,98,1.73,103,1089,112
457181660,鳌拜,2,350,132,2.33,157,5128,174
457181660,和珅,3,300,97,1.47,102,1193,110
457181660,郑板桥,4,300,98,1.48,106,1798,128
457181660,喜来乐,5,300,104,1.57,118,2846,149
457181660,苏乞儿,6,350,78,1.38,102,4845,101
457181660,李卫,7,300,71,1.07,81,2122,110
457181660,刘伯温,8,350,88,1.55,119,6302,123
457181660,林则徐,9,300,116,1.75,131,3136,151
457181660,方世玉,10,350,85,1.50,103,3651,122
457181660,多尔衮,11,350,75,1.32,97,4494,131
457181660,左宗棠,12,350,65,1.15,103,7773,105
457181660,张之洞,13,350,122,2.15,158,7337,179
457181660,蒲松龄,14,300,86,1.30,94,1758,126
457181660,李鸿章,15,300,91,1.37,106,3047,144
457181660,李寻欢,16,350,86,1.52,124,7703,118
457181660,索尼,17,300,109,1.65,116,1546,148
457181660,胡雪岩,18,300,81,1.22,132,10216,116
457181660,曹雪芹,19,300,77,1.16,84,1421,136
457181660,海大富,20,350,97,1.71,147,10122,119
457181660,华佗,21,300,64,.97,70,1232,106
457181660,墨子,22,300,90,1.36,111,4252,117
457181660,杜甫,23,360,108,1.96,153,9182,151
457181660,廉颇,24,350,124,2.19,152,5652,151
457181660,庄周,25,300,81,1.22,95,2846,140
457181660,李元芳,26,350,120,2.11,136,3202,155
457181660,鲁班,27,300,23,.35,24,289,48
457181660,孙武,28,300,48,.72,50,575,73
457181660,张良,29,100,13,.07,13,0,35
457181660,姜子牙,30,35,15,.03,22,1490,37
457181660,孙膑,31,6,13,.00,13,30,35
457181660,关羽,33,400,652,13.30,692,8145,722
457181660,张飞,34,400,2161,44.93,2222,12284,2299
457181660,赵云,35,350,159,2.97,250,18314,177
457181660,马超,36,360,332,6.07,338,1241,430
457181660,黄忠,37,400,398,8.10,403,1084,412
457181660,诸葛亮,38,400,497,10.15,497,173,529
457181660,庞统,39,400,497,10.13,497,103,524
457181660,周瑜,40,400,1626,33.43,1663,7436,3092
457181660,郭嘉,41,350,621,11.06,669,9756,1018
457181660,荆轲,43,400,498,10.08,501,633,636
457181660,韦小宝,44,400,498,10.08,506,1709,1327
457181660,黄飞鸿,45,400,495,10.08,519,4892,2345
457181660,李白,46,400,696,14.04,717,4361,1787
457181660,关银屏,51,400,340,6.86,425,17172,1294
457181660,马云騄,55,400,509,10.27,517,1653,1920
457181660,张辽,59,350,75,1.32,97,4495,114
457181660,张春华,66,360,97,1.76,365,53616,146
z7211191,零零发,1,300,116,1.75,147,6257,148
z7211191,鳌拜,2,300,172,2.60,195,4676,219
z7211191,和珅,3,150,17,.13,20,799,42
z7211191,郑板桥,4,250,110,1.38,117,1562,165
z7211191,喜来乐,5,200,58,.58,64,1397,135
z7211191,苏乞儿,6,300,134,2.03,212,15719,177
z7211191,李卫,7,153,62,.48,67,1139,106
z7211191,刘伯温,8,300,100,1.51,132,6543,164
z7211191,林则徐,9,200,60,.60,67,1410,115
z7211191,方世玉,10,300,65,.98,113,9662,140
z7211191,多尔衮,11,300,70,1.06,121,10322,121
z7211191,左宗棠,12,300,40,.60,76,7289,101
z7211191,张之洞,13,300,64,.97,106,8548,146
z7211191,蒲松龄,14,200,77,.77,84,1559,124
z7211191,李鸿章,15,200,79,.79,88,1816,142
z7211191,李寻欢,16,350,421,7.44,435,2970,552
z7211191,索尼,17,250,104,1.31,110,1216,172
z7211191,胡雪岩,18,150,27,.20,32,1013,56
z7211191,曹雪芹,19,250,102,1.28,108,1375,161
z7211191,海大富,20,300,171,2.59,202,6315,228
z7211191,华佗,21,150,48,.36,55,1427,92
z7211191,墨子,22,250,80,1.01,88,1765,132
z7211191,杜甫,23,300,60,.91,114,10907,118
z7211191,廉颇,24,300,203,3.07,265,12439,271
z7211191,庄周,25,250,76,.95,83,1579,131
z7211191,李元芳,26,300,76,1.15,128,10522,115
z7211191,鲁班,27,150,14,.11,14,58,42
z7211191,孙武,28,300,64,.97,95,6313,92
z7211191,张良,29,150,15,.11,15,110,37
z7211191,姜子牙,30,150,13,.10,14,200,38
z7211191,孙膑,31,45,16,.04,16,160,41
z7211191,关羽,33,400,1592,32.62,1610,3613,1619
z7211191,张飞,34,350,299,5.31,365,13256,325
z7211191,赵云,35,350,262,5.01,343,16337,283
z7211191,马超,36,400,2389,50.00,2396,1433,2413
z7211191,黄忠,37,350,306,5.44,372,13202,333
z7211191,诸葛亮,38,400,569,11.69,571,433,1817
z7211191,庞统,39,350,286,5.07,345,11846,319
z7211191,周瑜,40,350,182,3.25,241,11880,218
z7211191,郭嘉,41,400,654,13.58,656,543,2185
z7211191,荆轲,43,300,78,1.18,110,6555,132
z7211191,韦小宝,44,350,213,3.77,243,6096,928
z7211191,黄飞鸿,45,350,308,5.44,368,12147,492
z7211191,孙尚香,50,500,644,16.41,673,5885,4906
z7211191,关银屏,51,500,4444,114.69,4497,10760,6481
z7211191,马云騄,55,400,14,.28,47,6730,109
15686784340,零零发,1,350,88,1.55,94,1227,112
15686784340,鳌拜,2,350,98,1.73,102,977,131
15686784340,和珅,3,250,26,.33,31,1167,60
15686784340,郑板桥,4,198,45,.45,50,1068,80
15686784340,喜来乐,5,200,50,.50,58,1700,90
15686784340,苏乞儿,6,350,51,.90,106,11091,72
15686784340,李卫,7,250,59,.74,63,847,106
15686784340,刘伯温,8,350,34,.60,59,5009,73
15686784340,林则徐,9,200,56,.56,60,926,92
15686784340,方世玉,10,350,35,.62,95,12080,85
15686784340,多尔衮,11,350,30,.53,93,12702,67
15686784340,左宗棠,12,350,30,.53,86,11356,70
15686784340,张之洞,13,350,42,.74,75,6703,87
15686784340,蒲松龄,14,250,57,.72,61,961,112
15686784340,李鸿章,15,200,40,.40,51,2366,80
15686784340,李寻欢,16,330,169,2.82,183,2960,218
15686784340,索尼,17,250,41,.52,47,1281,94
15686784340,胡雪岩,18,200,34,.34,46,2458,66
15686784340,曹雪芹,19,200,32,.32,42,2069,73
15686784340,海大富,20,350,111,1.96,131,4187,143
15686784340,华佗,21,300,62,.94,72,2106,117
15686784340,墨子,22,200,38,.38,44,1228,70
15686784340,杜甫,23,350,80,1.41,132,10558,138
15686784340,廉颇,24,350,62,1.09,95,6758,88
15686784340,庄周,25,250,26,.33,37,2362,73
15686784340,李元芳,26,350,32,.56,63,6271,61
15686784340,鲁班,27,200,13,.13,13,143,42
15686784340,孙武,28,200,24,.24,27,764,50
15686784340,张良,29,250,32,.40,38,1232,90
15686784340,姜子牙,30,60,12,.04,12,20,34
15686784340,孙膑,31,31,12,.02,16,900,34
15686784340,关羽,33,400,2028,42.11,2080,10523,2064
15686784340,张飞,34,350,165,2.93,221,11244,179
15686784340,赵云,35,350,96,1.83,104,1613,114
15686784340,马超,36,350,270,4.80,277,1500,288
15686784340,黄忠,37,350,92,1.66,101,1955,106
15686784340,诸葛亮,38,400,235,4.81,241,1399,750
15686784340,庞统,39,350,67,1.21,98,6361,96
15686784340,周瑜,40,350,65,1.15,133,13671,107
15686784340,郭嘉,41,400,345,7.17,349,922,1997
15686784340,荆轲,43,400,222,4.50,225,615,2201
15686784340,韦小宝,44,350,75,1.32,91,3364,468
15686784340,黄飞鸿,45,400,363,7.35,365,496,2272
15686784340,李白,46,400,525,10.59,527,474,998
15686784340,关银屏,51,400,3108,63.39,3145,7471,4730
15686784340,马云騄,55,400,36,.73,41,1136,127
shinecy1126,零零发,1,300,48,.72,70,4521,74
shinecy1126,鳌拜,2,350,122,2.15,155,6715,151
shinecy1126,和珅,3,250,36,.45,42,1321,108
shinecy1126,郑板桥,4,250,35,.44,45,2191,110
shinecy1126,喜来乐,5,300,24,.36,41,3465,133
shinecy1126,苏乞儿,6,350,477,8.44,485,1699,522
shinecy1126,李卫,7,250,35,.44,49,2844,109
shinecy1126,刘伯温,8,350,36,.63,81,9091,121
shinecy1126,林则徐,9,350,34,.60,52,3763,367
shinecy1126,方世玉,10,350,40,.71,101,12255,93
shinecy1126,多尔衮,11,350,505,8.91,505,158,931
shinecy1126,左宗棠,12,350,75,1.32,141,13285,115
shinecy1126,张之洞,13,350,20,.35,62,8506,98
shinecy1126,蒲松龄,14,250,28,.35,51,4699,111
shinecy1126,李鸿章,15,300,45,.68,51,1260,150
shinecy1126,李寻欢,16,350,136,2.40,188,10513,169
shinecy1126,索尼,17,250,14,.18,14,67,54
shinecy1126,胡雪岩,18,200,13,.13,13,80,62
shinecy1126,曹雪芹,19,250,39,.49,45,1212,116
shinecy1126,海大富,20,350,86,1.52,154,13743,107
shinecy1126,华佗,21,250,22,.28,33,2297,97
shinecy1126,墨子,22,300,54,.82,65,2253,137
shinecy1126,杜甫,23,350,92,1.62,145,10775,189
shinecy1126,廉颇,24,350,117,2.07,140,4758,141
shinecy1126,庄周,25,350,28,.49,39,2345,225
shinecy1126,李元芳,26,300,28,.42,39,2288,58
shinecy1126,鲁班,27,300,39,.59,55,3230,154
shinecy1126,孙武,28,350,114,2.01,135,4263,137
shinecy1126,张良,29,250,41,.52,58,3459,128
shinecy1126,姜子牙,30,286,35,.50,41,1284,121
shinecy1126,孙膑,31,1,11,.00,15,925,33
shinecy1126,关羽,33,360,512,9.67,553,8382,745
shinecy1126,张飞,34,350,90,1.60,131,8395,104
shinecy1126,赵云,35,350,120,2.42,170,10069,138
shinecy1126,马超,36,400,147,2.99,217,14088,173
shinecy1126,黄忠,37,300,79,1.20,121,8560,93
shinecy1126,诸葛亮,38,400,402,8.27,416,2843,532
shinecy1126,庞统,39,350,84,1.51,124,8092,177
shinecy1126,周瑜,40,350,79,1.40,114,7174,125
shinecy1126,郭嘉,41,400,597,12.33,602,1028,2055
shinecy1126,荆轲,43,400,720,14.58,778,11606,1632
shinecy1126,韦小宝,44,400,351,7.10,356,1107,2543
shinecy1126,黄飞鸿,45,350,311,5.49,319,1667,517
shinecy1126,李白,46,350,257,4.53,261,912,543
shinecy1126,关银屏,51,400,3284,67.11,3323,7859,5169
shinecy1126,马云騄,55,400,11,.22,44,6690,102
lonely7201984,零零发,1,350,186,3.28,187,274,198
lonely7201984,鳌拜,2,350,134,2.36,138,980,164
lonely7201984,和珅,3,100,62,.31,70,1744,75
lonely7201984,郑板桥,4,160,70,.56,70,102,108
lonely7201984,喜来乐,5,200,86,.86,86,177,135
lonely7201984,苏乞儿,6,350,139,2.45,145,1386,160
lonely7201984,李卫,7,250,70,.88,70,142,110
lonely7201984,刘伯温,8,300,74,1.12,79,1150,100
lonely7201984,林则徐,9,250,78,.98,78,182,127
lonely7201984,方世玉,10,350,105,1.85,113,1793,139
lonely7201984,多尔衮,11,350,105,1.85,111,1219,136
lonely7201984,左宗棠,12,300,80,1.21,84,892,118
lonely7201984,张之洞,13,300,108,1.63,114,1275,164
lonely7201984,蒲松龄,14,200,58,.58,59,217,94
lonely7201984,李鸿章,15,200,86,.86,86,48,141
lonely7201984,李寻欢,16,300,108,1.63,108,160,131
lonely7201984,索尼,17,300,93,1.40,114,4220,153
lonely7201984,胡雪岩,18,150,63,.47,63,68,105
lonely7201984,曹雪芹,19,200,81,.81,81,188,116
lonely7201984,海大富,20,300,142,2.14,142,34,163
lonely7201984,华佗,21,250,64,.80,64,183,111
lonely7201984,墨子,22,100,50,.25,50,125,85
lonely7201984,杜甫,23,350,116,2.04,123,1547,192
lonely7201984,廉颇,24,350,230,4.06,235,1083,255
lonely7201984,庄周,25,300,104,1.57,104,58,176
lonely7201984,李元芳,26,300,120,1.81,126,1315,150
lonely7201984,鲁班,27,200,66,.66,66,110,107
lonely7201984,孙武,28,350,112,1.97,120,1623,137
lonely7201984,张良,29,100,13,.07,21,1757,35
lonely7201984,姜子牙,30,150,48,.36,48,133,70
lonely7201984,孙膑,31,24,27,.03,27,155,49
lonely7201984,关羽,33,400,2840,58.73,2872,6484,3109
lonely7201984,张飞,34,400,601,12.24,659,11677,745
lonely7201984,赵云,35,350,435,7.96,441,1376,453
lonely7201984,马超,36,350,308,5.47,310,505,398
lonely7201984,黄忠,37,350,219,3.89,227,1704,233
lonely7201984,诸葛亮,38,350,374,6.68,379,1104,736
lonely7201984,庞统,39,350,448,7.96,454,1367,475
lonely7201984,周瑜,40,350,371,6.57,376,1145,387
lonely7201984,郭嘉,41,400,1323,27.00,1350,5528,2790
lonely7201984,荆轲,43,400,504,10.21,505,296,2351
lonely7201984,韦小宝,44,350,183,3.23,188,1187,780
lonely7201984,黄飞鸿,45,400,451,9.12,456,1176,1676
lonely7201984,李白,46,400,514,10.37,520,1309,630
lonely7201984,马云騄,55,400,206,4.15,215,1889,300
lonely7201984,张星彩,58,400,144,2.90,159,3131,1801
lonely7201984,张春华,66,350,409,7.21,414,1036,1198
liu271,零零发,1,300,28,.42,64,7223,40
liu271,鳌拜,2,350,112,1.98,117,1050,142
liu271,和珅,3,59,13,.04,17,875,26
liu271,郑板桥,4,59,13,.04,16,650,38
liu271,喜来乐,5,150,51,.38,60,1832,83
liu271,苏乞儿,6,350,198,3.50,208,2065,219
liu271,李卫,7,59,28,.08,35,1415,54
liu271,刘伯温,8,300,22,.33,62,8078,49
liu271,林则徐,9,59,40,.12,56,3270,91
liu271,方世玉,10,350,30,.53,101,14395,63
liu271,多尔衮,11,350,95,1.67,104,1844,122
liu271,左宗棠,12,350,115,2.03,125,2001,142
liu271,张之洞,13,300,54,.82,97,8649,105
liu271,蒲松龄,14,59,35,.10,45,2118,63
liu271,李鸿章,15,59,31,.09,49,3782,67
liu271,李寻欢,16,320,187,3.02,245,11764,214
liu271,索尼,17,59,50,.15,56,1334,81
liu271,胡雪岩,18,59,49,.14,63,2941,73
liu271,曹雪芹,19,59,45,.13,53,1770,69
liu271,海大富,20,350,171,3.02,231,12038,196
liu271,华佗,21,59,47,.14,52,1094,81
liu271,墨子,22,59,58,.17,69,2265,82
liu271,杜甫,23,350,56,.99,121,13154,222
liu271,廉颇,24,350,150,2.65,202,10557,175
liu271,庄周,25,59,45,.13,64,3920,75
liu271,李元芳,26,300,44,.66,102,11610,70
liu271,鲁班,27,59,41,.12,54,2739,67
liu271,孙武,28,59,64,.19,97,6765,89
liu271,张良,29,59,50,.15,60,2169,72
liu271,姜子牙,30,49,40,.10,40,155,62
liu271,孙膑,31,1,13,.00,15,400,35
liu271,关羽,33,500,3057,79.58,3087,6114,4640
liu271,张飞,34,350,142,2.52,226,16902,156
liu271,赵云,35,350,356,6.59,397,8216,377
liu271,马超,36,400,204,4.15,277,14712,662
liu271,黄忠,37,350,66,1.17,126,12086,80
liu271,诸葛亮,38,400,822,16.85,842,4081,1306
liu271,庞统,39,59,66,.21,90,4860,93
liu271,周瑜,40,350,184,3.26,289,21031,200
liu271,郭嘉,41,400,1722,35.34,1763,8342,3214
liu271,荆轲,43,350,102,1.80,159,11553,156
liu271,韦小宝,44,350,156,2.75,242,17399,1129
liu271,黄飞鸿,45,350,353,6.22,353,158,578
liu271,关银屏,51,400,1210,24.51,1238,5654,2617
liu271,马云騄,55,400,190,3.83,199,1852,1961
cq1473691,零零发,1,350,378,6.66,477,19910,414
cq1473691,鳌拜,2,300,32,.48,90,11662,36
cq1473691,和珅,3,50,1,.00,74,14612,10
cq1473691,郑板桥,4,20,1,.00,44,8705,10
cq1473691,喜来乐,5,50,1,.00,48,9440,10
cq1473691,苏乞儿,6,300,7,.11,78,14380,12
cq1473691,李卫,7,1,3,.00,20,3570,14
cq1473691,刘伯温,8,300,20,.30,85,13163,30
cq1473691,林则徐,9,350,10,.18,71,12374,515
cq1473691,方世玉,10,300,5,.08,54,9970,15
cq1473691,多尔衮,11,300,5,.08,63,11755,13
cq1473691,左宗棠,12,300,5,.08,55,10053,13
cq1473691,张之洞,13,350,26,.46,87,12353,507
cq1473691,蒲松龄,14,1,1,.00,33,6400,13
cq1473691,李鸿章,15,1,1,.00,29,5735,13
cq1473691,李寻欢,16,300,8,.12,20,2565,14
cq1473691,海大富,20,300,8,.12,51,8769,15
cq1473691,华佗,21,1,2,.00,27,5145,16
cq1473691,墨子,22,1,1,.00,32,6365,15
cq1473691,杜甫,23,300,4,.06,59,11057,15
cq1473691,廉颇,24,300,9,.14,52,8645,16
cq1473691,庄周,25,1,1,.00,33,6525,16
cq1473691,李元芳,26,300,4,.06,44,8022,16
cq1473691,鲁班,27,1,1,.00,2,230,16
cq1473691,关羽,33,300,8,.12,25,3500,17
cq1473691,张飞,34,300,7,.11,24,3454,16
cq1473691,赵云,35,1,11,.08,18,1475,20
cq1473691,马超,36,300,19,.29,69,10039,28
cq1473691,黄忠,37,300,7,.11,24,3544,16
cq1473691,诸葛亮,38,300,306,4.69,345,7919,316
cq1473691,庞统,39,1,8,.00,8,0,18
cq1473691,周瑜,40,1,8,.00,8,10,18
cq1473691,郭嘉,41,350,342,6.10,349,1543,351
cq1473691,韦小宝,44,400,117,2.37,140,4686,1032
cq1473691,马云騄,55,400,278,5.60,336,11626,364
cq1473693,零零发,1,300,284,4.29,376,18463,316
cq1473693,鳌拜,2,300,36,.54,91,11086,42
cq1473693,和珅,3,350,5,.09,77,14598,389
cq1473693,郑板桥,4,30,5,.01,32,5535,15
cq1473693,喜来乐,5,30,3,.00,20,3430,13
cq1473693,苏乞儿,6,300,7,.11,80,14690,13
cq1473693,李卫,7,1,5,.00,21,3355,16
cq1473693,刘伯温,8,300,20,.30,73,10740,31
cq1473693,林则徐,9,300,10,.15,96,17343,352
cq1473693,方世玉,10,300,5,.08,42,7522,14
cq1473693,多尔衮,11,300,5,.08,52,9535,14
cq1473693,左宗棠,12,300,5,.08,40,7140,14
cq1473693,张之洞,13,300,12,.18,35,4794,25
cq1473693,蒲松龄,14,1,3,.00,42,7920,16
cq1473693,李鸿章,15,1,3,.00,12,1990,16
cq1473693,李寻欢,16,300,8,.12,28,4060,15
cq1473693,海大富,20,300,8,.12,69,12253,16
cq1473693,华佗,21,1,3,.00,60,11570,17
cq1473693,墨子,22,1,3,.00,42,7910,17
cq1473693,杜甫,23,300,4,.06,24,4190,16
cq1473693,廉颇,24,300,9,.14,42,6716,17
cq1473693,庄周,25,1,3,.00,39,7225,18
cq1473693,李元芳,26,300,4,.06,50,9309,17
cq1473693,鲁班,27,1,3,.00,5,405,18
cq1473693,关羽,33,300,8,.12,25,3480,17
cq1473693,张飞,34,300,7,.11,24,3430,16
cq1473693,赵云,35,11,19,.08,28,1867,28
cq1473693,马超,36,300,35,.53,70,7159,44
cq1473693,黄忠,37,300,7,.11,24,3484,16
cq1473693,诸葛亮,38,300,296,4.54,345,9986,307
cq1473693,庞统,39,1,8,.00,8,0,19
cq1473693,周瑜,40,1,8,.00,8,0,18
cq1473693,郭嘉,41,350,324,5.77,333,1885,335
cq1473693,韦小宝,44,350,114,2.01,133,3849,552
cq1473693,马云騄,55,400,343,6.92,380,7492,557
