profile,姓名,id,等级,武力,满武力,书籍经验,总资质
ssqwerty,零零发,1,400,534,535,384,570
ssqwerty,鳌拜,2,400,543,544,376,594
ssqwerty,和珅,3,350,184,204,4108,1069
ssqwerty,郑板桥,4,300,171,186,3025,207
ssqwerty,喜来乐,5,250,188,206,3636,224
ssqwerty,苏乞儿,6,400,564,611,9546,606
ssqwerty,李卫,7,300,176,184,1724,746
ssqwerty,刘伯温,8,350,464,500,7341,500
ssqwerty,林则徐,9,350,251,259,1781,287
ssqwerty,方世玉,10,335,335,341,1284,398
ssqwerty,多尔衮,11,350,395,433,7712,443
ssqwerty,左宗棠,12,400,525,539,2920,561
ssqwerty,张之洞,13,400,494,513,3914,557
ssqwerty,蒲松龄,14,250,171,183,2551,426
ssqwerty,李鸿章,15,300,178,187,1924,214
ssqwerty,李寻欢,16,400,566,597,6301,608
ssqwerty,索尼,17,300,170,178,1671,842
ssqwerty,胡雪岩,18,250,191,198,1486,227
ssqwerty,曹雪芹,19,300,149,157,1694,176
ssqwerty,海大富,20,400,535,580,9096,571
ssqwerty,华佗,21,300,157,164,1490,1012
ssqwerty,墨子,22,350,312,357,9107,348
ssqwerty,杜甫,23,400,500,509,1833,542
ssqwerty,廉颇,24,400,505,531,5373,532
ssqwerty,庄周,25,200,32,32,118,83
ssqwerty,李元芳,26,300,400,452,10487,436
ssqwerty,鲁班,27,59,20,20,70,47
ssqwerty,孙武,28,400,518,548,6157,545
ssqwerty,张良,29,58,62,63,325,176
ssqwerty,姜子牙,30,58,33,52,3955,60
ssqwerty,孙膑,31,53,20,20,66,47
ssqwerty,关羽,33,400,524,535,2341,551
ssqwerty,张飞,34,400,682,693,2243,718
ssqwerty,赵云,35,400,588,598,2090,615
ssqwerty,马超,36,500,4833,4916,16677,4857
ssqwerty,黄忠,37,400,596,609,2617,623
ssqwerty,诸葛亮,38,400,528,539,2242,564
ssqwerty,庞统,39,400,500,514,2927,539
ssqwerty,周瑜,40,400,499,511,2401,535
ssqwerty,郭嘉,41,400,561,582,4222,600
ssqwerty,匈奴王,42,47,99,158,11980,114
ssqwerty,荆轲,43,400,654,664,2123,1185
ssqwerty,韦小宝,44,400,507,520,2766,6909
ssqwerty,黄飞鸿,45,400,617,628,2221,1337
ssqwerty,李白,46,400,521,530,1970,626
ssqwerty,马云騄,55,500,396,479,16744,28800
ssqwerty,张星彩,58,500,401,493,18465,467
ssqwerty,张辽,59,400,527,581,10888,602
ssqwerty,乐进,60,400,477,538,12367,495
ssqwerty,于禁,61,400,529,582,10675,553
ssqwerty,张郃,62,400,528,575,9460,603
ssqwerty,徐晃,63,400,382,442,12150,445
ssqwerty,摸金校尉,64,350,303,355,10549,357
ssqwerty,张春华,66,500,400,442,8517,466
ssqwerty,祝融,68,500,1554,1568,2936,1614
ssqwerty,高长恭,69,54,173,197,4878,248
ssqwerty,霍去病,71,349,370,423,10728,487
ssqwerty,陆逊,72,300,413,476,12753,488
profile,姓名,id,等级,武力,满武力,书籍经验,总资质
18612160829,零零发,1,400,136,244,21681,190
18612160829,鳌拜,2,400,150,209,11828,189
18612160829,和珅,3,250,78,129,10371,168
18612160829,郑板桥,4,300,125,165,8167,173
18612160829,喜来乐,5,300,160,213,10774,202
18612160829,苏乞儿,6,400,185,281,19395,227
18612160829,李卫,7,200,23,25,419,101
18612160829,刘伯温,8,350,102,181,15857,162
18612160829,林则徐,9,300,107,159,10464,155
18612160829,方世玉,10,350,100,186,17307,250
18612160829,多尔衮,11,350,105,200,19118,198
18612160829,左宗棠,12,350,135,145,2130,183
18612160829,张之洞,13,350,160,263,20788,391
18612160829,蒲松龄,14,300,124,168,8899,304
18612160829,李鸿章,15,300,86,129,8692,128
18612160829,李寻欢,16,400,365,495,26186,407
18612160829,索尼,17,250,94,142,9778,226
18612160829,胡雪岩,18,200,39,39,195,93
18612160829,曹雪芹,19,300,91,146,11092,118
18612160829,海大富,20,350,159,213,10872,201
18612160829,华佗,21,300,114,158,8828,261
18612160829,墨子,22,250,109,149,8081,157
18612160829,杜甫,23,350,108,211,20776,156
18612160829,廉颇,24,350,172,250,15697,199
18612160829,庄周,25,250,102,152,10039,225
18612160829,李元芳,26,350,96,166,14161,144
18612160829,鲁班,27,200,89,129,8175,116
18612160829,孙武,28,350,86,152,13295,113
18612160829,张良,29,200,13,14,304,43
18612160829,姜子牙,30,200,13,13,105,49
18612160829,孙膑,31,200,16,16,94,43
18612160829,关羽,33,500,3477,3532,11007,3504
18612160829,张飞,34,400,396,475,15912,438
18612160829,赵云,35,400,2027,2075,9693,2054
18612160829,马超,36,350,666,715,9999,690
18612160829,黄忠,37,400,419,476,11498,446
18612160829,诸葛亮,38,400,732,755,4620,828
18612160829,庞统,39,400,284,382,19642,323
18612160829,周瑜,40,400,490,526,7261,532
18612160829,郭嘉,41,500,906,971,13147,987
18612160829,匈奴王,42,350,113,221,21687,128
18612160829,荆轲,43,400,396,492,19395,5757
18612160829,韦小宝,44,400,207,332,25075,4815
18612160829,黄飞鸿,45,400,700,762,12412,736
18612160829,李白,46,350,612,650,7729,1434
18612160829,关银屏,51,500,5508,5580,14582,5577
18612160829,马云騄,55,500,202,276,14805,10129
18612160829,张春华,66,400,34,158,24819,100
profile,姓名,id,等级,武力,满武力,书籍经验,总资质
wang25687,零零发,1,350,374,382,1691,416
wang25687,鳌拜,2,350,578,579,244,626
wang25687,和珅,3,300,173,175,563,248
wang25687,郑板桥,4,300,168,171,663,210
wang25687,喜来乐,5,300,107,110,705,191
wang25687,苏乞儿,6,350,586,666,16000,622
wang25687,李卫,7,300,133,135,570,289
wang25687,刘伯温,8,350,380,388,1771,440
wang25687,林则徐,9,350,230,300,14026,266
wang25687,方世玉,10,400,495,501,1333,642
wang25687,多尔衮,11,400,500,503,747,551
wang25687,左宗棠,12,400,500,505,1102,560
wang25687,张之洞,13,400,506,511,1055,677
wang25687,蒲松龄,14,300,126,129,620,171
wang25687,李鸿章,15,300,181,185,950,235
wang25687,李寻欢,16,400,500,503,701,542
wang25687,索尼,17,300,144,148,859,357
wang25687,胡雪岩,18,300,157,234,15532,193
wang25687,曹雪芹,19,300,187,190,641,214
wang25687,海大富,20,400,507,511,995,543
wang25687,华佗,21,300,132,211,15895,243
wang25687,墨子,22,300,233,346,22777,269
wang25687,杜甫,23,400,496,501,1114,556
wang25687,廉颇,24,400,518,580,12464,617
wang25687,庄周,25,300,143,147,868,197
wang25687,李元芳,26,400,440,449,1894,506
wang25687,鲁班,27,300,48,51,608,75
wang25687,孙武,28,400,498,502,839,525
wang25687,张良,29,124,22,63,8203,52
wang25687,姜子牙,30,300,18,19,327,45
wang25687,孙膑,31,51,13,24,2330,40
wang25687,关羽,33,400,1948,1960,2453,1984
wang25687,张飞,34,400,491,498,1405,533
wang25687,赵云,35,400,493,505,2565,520
wang25687,马超,36,400,565,658,18747,769
wang25687,黄忠,37,400,529,648,23806,565
wang25687,诸葛亮,38,500,631,640,1911,667
wang25687,庞统,39,400,499,700,40343,547
wang25687,周瑜,40,400,498,732,46836,540
wang25687,郭嘉,41,400,519,777,51624,579
wang25687,荆轲,43,350,570,694,24937,723
wang25687,韦小宝,44,400,525,566,8329,1818
wang25687,黄飞鸿,45,350,569,637,13787,614
wang25687,李白,46,350,729,811,16424,1449
wang25687,吕布,47,400,662,703,8364,689
wang25687,孙尚香,50,400,525,697,34481,4050
wang25687,关银屏,51,500,4164,4227,12763,4233
wang25687,马云騄,55,500,523,527,926,20455
wang25687,张春华,66,400,504,570,13395,570
profile,姓名,id,等级,武力,满武力,书籍经验,总资质
15504973518,零零发,1,350,182,200,3605,224
15504973518,鳌拜,2,350,276,292,3331,333
15504973518,和珅,3,250,69,116,9540,114
15504973518,郑板桥,4,300,104,165,12231,176
15504973518,喜来乐,5,250,102,170,13746,150
15504973518,苏乞儿,6,350,444,456,2468,528
15504973518,李卫,7,300,104,145,8251,326
15504973518,刘伯温,8,350,194,217,4732,242
15504973518,林则徐,9,250,104,149,9170,140
15504973518,方世玉,10,350,180,188,1694,357
15504973518,多尔衮,11,350,190,209,3922,370
15504973518,左宗棠,12,350,65,158,18646,119
15504973518,张之洞,13,300,110,147,7468,272
15504973518,蒲松龄,14,300,174,213,7973,219
15504973518,李鸿章,15,250,88,125,7582,124
15504973518,李寻欢,16,350,170,241,14362,284
15504973518,索尼,17,250,81,118,7474,207
15504973518,胡雪岩,18,250,72,123,10249,108
15504973518,曹雪芹,19,300,130,171,8325,157
15504973518,海大富,20,300,96,170,14820,162
15504973518,华佗,21,250,64,109,9195,199
15504973518,墨子,22,250,64,113,9880,118
15504973518,杜甫,23,300,44,129,17196,104
15504973518,廉颇,24,350,127,200,14640,190
15504973518,庄周,25,250,64,100,7349,244
15504973518,李元芳,26,250,8,8,35,80
15504973518,鲁班,27,250,28,28,54,64
15504973518,孙武,28,350,106,182,15283,142
15504973518,张良,29,233,13,13,190,43
15504973518,姜子牙,30,200,14,14,195,41
15504973518,孙膑,31,118,14,14,73,41
15504973518,关羽,33,400,2875,2971,19361,2920
15504973518,张飞,34,400,1761,1869,21759,1797
15504973518,赵云,35,391,429,482,10611,456
15504973518,马超,36,400,432,471,7875,456
15504973518,黄忠,37,350,140,251,22300,167
15504973518,诸葛亮,38,400,1007,1031,4900,1079
15504973518,庞统,39,400,499,557,11621,538
15504973518,周瑜,40,350,152,285,26698,188
15504973518,郭嘉,41,400,255,323,13629,294
15504973518,荆轲,43,400,402,494,18518,5976
15504973518,韦小宝,44,400,246,358,22590,3873
15504973518,黄飞鸿,45,400,349,440,18251,700
15504973518,李白,46,350,123,197,14956,204
15504973518,关银屏,51,500,5034,5101,13459,5100
15504973518,马云騄,55,440,242,345,20691,5396
profile,姓名,id,等级,武力,满武力,书籍经验,总资质
13812788376,零零发,1,400,262,269,1581,382
13812788376,鳌拜,2,400,330,336,1363,543
13812788376,和珅,3,350,197,198,266,287
13812788376,郑板桥,4,300,136,136,115,184
13812788376,喜来乐,5,350,187,188,240,235
13812788376,苏乞儿,6,400,339,346,1411,513
13812788376,李卫,7,350,158,158,195,272
13812788376,刘伯温,8,400,204,211,1525,222
13812788376,林则徐,9,300,163,164,227,211
13812788376,方世玉,10,400,500,505,1073,581
13812788376,多尔衮,11,400,500,503,776,587
13812788376,左宗棠,12,400,305,314,1925,365
13812788376,张之洞,13,350,190,198,1721,283
13812788376,蒲松龄,14,300,129,130,259,189
13812788376,李鸿章,15,300,125,126,232,149
13812788376,李寻欢,16,360,475,482,1516,649
13812788376,索尼,17,350,137,137,195,266
13812788376,胡雪岩,18,350,188,188,163,254
13812788376,曹雪芹,19,350,154,155,218,199
13812788376,海大富,20,370,308,316,1763,404
13812788376,华佗,21,350,122,122,142,197
13812788376,墨子,22,300,113,114,235,131
13812788376,杜甫,23,360,228,237,1927,264
13812788376,廉颇,24,350,338,347,1831,383
13812788376,庄周,25,300,116,116,136,197
13812788376,李元芳,26,350,176,182,1335,206
13812788376,鲁班,27,300,38,38,193,56
13812788376,孙武,28,400,422,429,1455,467
13812788376,张良,29,300,28,28,162,58
13812788376,姜子牙,30,300,28,28,3,46
13812788376,孙膑,31,150,14,14,54,32
13812788376,关羽,33,400,1348,1463,23165,2374
13812788376,张飞,34,400,308,316,1729,374
13812788376,赵云,35,400,284,291,1521,374
13812788376,马超,36,400,261,267,1318,297
13812788376,黄忠,37,400,230,238,1732,257
13812788376,诸葛亮,38,400,1052,1065,2634,1652
13812788376,庞统,39,380,301,309,1623,343
13812788376,周瑜,40,350,318,324,1232,360
13812788376,郭嘉,41,400,495,498,696,552
13812788376,荆轲,43,400,1140,1339,39931,4251
13812788376,韦小宝,44,400,498,499,215,1404
13812788376,黄飞鸿,45,400,674,837,32606,1367
13812788376,李白,46,400,502,504,449,586
13812788376,关银屏,51,500,2956,3001,9149,3613
13812788376,马云騄,55,400,17,773,151259,722
13812788376,徐晃,63,400,291,297,1242,327
profile,姓名,id,等级,武力,满武力,书籍经验,总资质
457181660,零零发,1,300,70,88,3723,82
457181660,鳌拜,2,350,126,149,4726,180
457181660,和珅,3,300,97,102,1131,112
457181660,郑板桥,4,300,98,106,1764,110
457181660,喜来乐,5,300,104,117,2764,116
457181660,苏乞儿,6,350,78,95,3465,90
457181660,李卫,7,300,71,80,1984,164
457181660,刘伯温,8,350,82,112,6052,94
457181660,林则徐,9,300,116,131,3116,128
457181660,方世玉,10,350,85,96,2257,136
457181660,多尔衮,11,350,75,90,3192,165
457181660,左宗棠,12,350,65,96,6379,77
457181660,张之洞,13,350,122,151,5933,242
457181660,蒲松龄,14,300,86,94,1664,101
457181660,李鸿章,15,300,91,105,2829,103
457181660,李寻欢,16,350,86,111,5111,98
457181660,索尼,17,300,109,116,1420,196
457181660,胡雪岩,18,300,81,131,10174,93
457181660,曹雪芹,19,300,77,83,1397,95
457181660,海大富,20,350,97,134,7508,109
457181660,华佗,21,300,64,69,1102,166
457181660,墨子,22,300,90,110,4102,102
457181660,杜甫,23,350,108,140,6504,120
457181660,廉颇,24,350,124,145,4242,142
457181660,庄周,25,300,81,95,2802,222
457181660,李元芳,26,350,120,129,1828,132
457181660,鲁班,27,300,23,24,289,41
457181660,孙武,28,300,48,50,575,66
457181660,张良,29,100,13,13,0,43
457181660,姜子牙,30,35,15,22,1490,33
457181660,孙膑,31,6,13,13,30,31
457181660,关羽,33,400,640,691,10337,658
457181660,张飞,34,400,2161,2221,12082,2173
457181660,赵云,35,350,147,236,17948,165
457181660,马超,36,350,260,325,13057,524
457181660,黄忠,37,400,327,395,13780,345
457181660,诸葛亮,38,400,475,497,4439,505
457181660,庞统,39,400,464,497,6637,503
457181660,周瑜,40,400,1626,1661,7146,1674
457181660,郭嘉,41,350,612,663,10262,651
457181660,荆轲,43,400,480,500,4011,642
457181660,韦小宝,44,400,495,506,2217,2919
457181660,黄飞鸿,45,400,495,519,4810,603
457181660,李白,46,400,696,715,3947,3870
457181660,关银屏,51,400,340,417,15594,397
457181660,马云騄,55,400,509,516,1437,4616
457181660,张辽,59,350,75,97,4457,126
457181660,张春华,66,350,72,352,56048,129
profile,姓名,id,等级,武力,满武力,书籍经验,总资质
15686784340,零零发,1,350,68,87,3893,104
15686784340,鳌拜,2,350,66,95,5877,111
15686784340,和珅,3,250,25,30,1107,85
15686784340,郑板桥,4,198,44,48,968,62
15686784340,喜来乐,5,200,49,56,1564,61
15686784340,苏乞儿,6,350,51,99,9649,63
15686784340,李卫,7,250,58,61,783,175
15686784340,刘伯温,8,350,28,51,4787,46
15686784340,林则徐,9,200,55,59,826,67
15686784340,方世玉,10,350,35,87,10546,134
15686784340,多尔衮,11,350,30,86,11362,87
15686784340,左宗棠,12,350,30,79,9972,48
15686784340,张之洞,13,350,42,68,5285,117
15686784340,蒲松龄,14,250,56,60,877,131
15686784340,李鸿章,15,200,39,50,2316,51
15686784340,李寻欢,16,330,169,177,1650,205
15686784340,索尼,17,250,40,46,1239,169
15686784340,胡雪岩,18,200,33,44,2322,51
15686784340,曹雪芹,19,200,31,41,2015,58
15686784340,海大富,20,350,111,125,2803,135
15686784340,华佗,21,300,61,71,2014,196
15686784340,墨子,22,200,37,42,1190,55
15686784340,杜甫,23,350,76,121,9164,94
15686784340,廉颇,24,350,58,84,5334,76
15686784340,庄周,25,250,25,36,2246,118
15686784340,李元芳,26,350,28,52,4877,52
15686784340,鲁班,27,200,12,12,143,30
15686784340,孙武,28,200,24,27,764,42
15686784340,张良,29,250,31,36,1136,169
15686784340,姜子牙,30,60,11,11,20,29
15686784340,孙膑,31,31,11,14,790,29
15686784340,关羽,33,400,2016,2079,12759,2034
15686784340,张飞,34,350,153,220,13534,165
15686784340,赵云,35,350,84,97,2673,102
15686784340,马超,36,350,262,269,1598,274
15686784340,黄忠,37,350,80,94,2859,98
15686784340,诸葛亮,38,400,186,234,9785,204
15686784340,庞统,39,350,67,91,4971,112
15686784340,周瑜,40,350,65,132,13549,83
15686784340,郭嘉,41,400,312,348,7394,351
15686784340,荆轲,43,400,210,224,2851,5787
15686784340,韦小宝,44,350,75,84,1846,1059
15686784340,黄飞鸿,45,400,349,360,2320,583
15686784340,李白,46,400,507,526,3828,1878
15686784340,关银屏,51,400,3108,3142,6921,3159
15686784340,马云騄,55,400,11,34,4702,182
profile,姓名,id,等级,武力,满武力,书籍经验,总资质
z7211191,零零发,1,300,110,138,5787,146
z7211191,鳌拜,2,300,166,187,4306,220
z7211191,和珅,3,150,17,20,769,32
z7211191,郑板桥,4,250,110,116,1378,152
z7211191,喜来乐,5,200,58,64,1331,94
z7211191,苏乞儿,6,300,134,204,14181,176
z7211191,李卫,7,153,62,67,1125,134
z7211191,刘伯温,8,300,94,124,6085,184
z7211191,林则徐,9,200,60,66,1346,96
z7211191,方世玉,10,300,65,105,8088,182
z7211191,多尔衮,11,250,70,114,8842,139
z7211191,左宗棠,12,250,40,68,5655,76
z7211191,张之洞,13,250,64,98,6870,235
z7211191,蒲松龄,14,200,77,84,1477,107
z7211191,李鸿章,15,200,79,87,1788,181
z7211191,李寻欢,16,350,421,427,1280,583
z7211191,索尼,17,250,104,109,1106,260
z7211191,胡雪岩,18,150,27,31,925,63
z7211191,曹雪芹,19,250,102,108,1321,129
z7211191,海大富,20,300,171,193,4545,219
z7211191,华佗,21,150,48,54,1353,126
z7211191,墨子,22,250,80,88,1715,158
z7211191,杜甫,23,300,60,106,9373,114
z7211191,廉颇,24,300,203,255,10593,284
z7211191,庄周,25,250,76,83,1467,205
z7211191,李元芳,26,250,76,120,8862,112
z7211191,鲁班,27,150,14,14,58,41
z7211191,孙武,28,300,64,87,4781,91
z7211191,张良,29,150,15,15,110,45
z7211191,姜子牙,30,150,13,14,200,40
z7211191,孙膑,31,45,16,16,160,43
z7211191,关羽,33,400,1580,1608,5683,1607
z7211191,张飞,34,350,287,362,15076,323
z7211191,赵云,35,350,250,334,16887,277
z7211191,马超,36,400,2389,2394,1037,2413
z7211191,黄忠,37,350,294,369,15068,321
z7211191,诸葛亮,38,400,566,570,859,602
z7211191,庞统,39,350,286,343,11478,325
z7211191,周瑜,40,350,182,231,9972,218
z7211191,郭嘉,41,400,645,654,1801,795
z7211191,荆轲,43,300,78,103,5091,132
z7211191,韦小宝,44,350,213,233,4012,2223
z7211191,黄飞鸿,45,350,308,359,10375,380
z7211191,孙尚香,50,500,644,673,5871,8063
z7211191,关银屏,51,500,4444,4496,10550,4510
z7211191,马云騄,55,400,14,39,5176,185
profile,姓名,id,等级,武力,满武力,书籍经验,总资质
shinecy1126,零零发,1,300,40,63,4729,64
shinecy1126,鳌拜,2,350,116,147,6397,155
shinecy1126,和珅,3,250,36,42,1221,216
shinecy1126,郑板桥,4,250,35,45,2161,47
shinecy1126,喜来乐,5,300,24,40,3333,42
shinecy1126,苏乞儿,6,350,437,478,8385,461
shinecy1126,李卫,7,250,35,48,2772,233
shinecy1126,刘伯温,8,350,30,74,8921,48
shinecy1126,林则徐,9,350,34,52,3633,46
shinecy1126,方世玉,10,350,40,94,10877,133
shinecy1126,多尔衮,11,350,505,505,128,628
shinecy1126,左宗棠,12,350,75,134,11877,93
shinecy1126,张之洞,13,350,20,55,7084,146
shinecy1126,蒲松龄,14,250,28,50,4477,148
shinecy1126,李鸿章,15,300,45,51,1216,57
shinecy1126,李寻欢,16,350,136,181,9139,154
shinecy1126,索尼,17,250,14,14,67,98
shinecy1126,胡雪岩,18,200,13,13,80,31
shinecy1126,曹雪芹,19,250,39,44,1098,57
shinecy1126,海大富,20,350,86,148,12439,98
shinecy1126,华佗,21,250,22,33,2209,223
shinecy1126,墨子,22,300,54,64,2191,66
shinecy1126,杜甫,23,350,92,138,9321,104
shinecy1126,廉颇,24,350,117,140,4658,135
shinecy1126,庄周,25,350,28,39,2303,565
shinecy1126,李元芳,26,250,28,34,1390,46
shinecy1126,鲁班,27,300,39,54,3132,57
shinecy1126,孙武,28,350,114,134,4177,132
shinecy1126,张良,29,250,41,57,3399,257
shinecy1126,姜子牙,30,286,35,40,1168,53
shinecy1126,孙膑,31,1,11,15,905,29
shinecy1126,关羽,33,360,500,553,10742,527
shinecy1126,张飞,34,350,78,125,9471,90
shinecy1126,赵云,35,350,108,162,10911,126
shinecy1126,马超,36,350,135,203,13788,183
shinecy1126,黄忠,37,250,67,114,9544,85
shinecy1126,诸葛亮,38,350,343,402,11967,361
shinecy1126,庞统,39,350,84,116,6580,117
shinecy1126,周瑜,40,350,79,107,5732,91
shinecy1126,郭嘉,41,400,576,601,5068,609
shinecy1126,荆轲,43,400,714,776,12520,1263
shinecy1126,韦小宝,44,400,333,349,3243,6273
shinecy1126,黄飞鸿,45,350,246,312,13283,291
shinecy1126,李白,46,350,245,260,3192,1040
shinecy1126,关银屏,51,400,3284,3321,7533,3335
shinecy1126,马云騄,55,400,11,37,5316,182
profile,姓名,id,等级,武力,满武力,书籍经验,总资质
lonely7201984,零零发,1,350,86,105,3875,98
lonely7201984,鳌拜,2,350,56,112,11285,95
lonely7201984,和珅,3,100,45,63,3770,60
lonely7201984,郑板桥,4,160,53,67,2868,71
lonely7201984,喜来乐,5,200,66,76,2182,78
lonely7201984,苏乞儿,6,350,99,128,5902,111
lonely7201984,李卫,7,250,50,58,1676,146
lonely7201984,刘伯温,8,300,28,64,7293,40
lonely7201984,林则徐,9,250,55,66,2290,67
lonely7201984,方世玉,10,300,65,99,6804,101
lonely7201984,多尔衮,11,300,70,97,5480,109
lonely7201984,左宗棠,12,300,75,78,773,99
lonely7201984,张之洞,13,300,76,103,5453,193
lonely7201984,蒲松龄,14,200,44,53,1992,59
lonely7201984,李鸿章,15,200,35,56,4236,47
lonely7201984,李寻欢,16,300,60,97,7480,72
lonely7201984,索尼,17,300,88,102,2855,238
lonely7201984,胡雪岩,18,150,47,55,1791,59
lonely7201984,曹雪芹,19,200,50,67,3449,68
lonely7201984,海大富,20,300,100,117,3440,112
lonely7201984,华佗,21,250,49,62,2769,160
lonely7201984,墨子,22,100,29,37,1750,41
lonely7201984,杜甫,23,350,44,99,11120,62
lonely7201984,廉颇,24,350,174,206,6531,192
lonely7201984,庄周,25,300,73,94,4221,244
lonely7201984,李元芳,26,300,36,100,12853,48
lonely7201984,鲁班,27,200,49,59,2080,67
lonely7201984,孙武,28,350,72,105,6704,90
lonely7201984,张良,29,100,13,21,1757,43
lonely7201984,姜子牙,30,150,25,40,3143,43
lonely7201984,孙膑,31,24,14,21,1440,32
lonely7201984,关羽,33,400,2840,2864,4929,3263
lonely7201984,张飞,34,400,586,645,11993,616
lonely7201984,赵云,35,350,414,429,3109,432
lonely7201984,马超,36,350,259,305,9377,499
lonely7201984,黄忠,37,350,127,214,17473,145
lonely7201984,诸葛亮,38,350,325,367,8432,337
lonely7201984,庞统,39,350,188,272,16937,227
lonely7201984,周瑜,40,350,110,188,15665,122
lonely7201984,郭嘉,41,400,1314,1347,6722,1353
lonely7201984,荆轲,43,400,384,419,7168,4578
lonely7201984,韦小宝,44,350,75,172,19587,1320
lonely7201984,黄飞鸿,45,400,422,445,4607,440
lonely7201984,李白,46,350,214,239,5061,526
lonely7201984,马云騄,55,400,11,47,7202,182
lonely7201984,张星彩,58,350,134,144,2027,191
lonely7201984,张春华,66,350,385,394,1881,442
profile,姓名,id,等级,武力,满武力,书籍经验,总资质
liu271,零零发,1,300,20,51,6339,32
liu271,鳌拜,2,350,70,109,7980,109
liu271,和珅,3,59,13,17,805,28
liu271,郑板桥,4,59,13,15,590,25
liu271,喜来乐,5,150,51,59,1790,63
liu271,苏乞儿,6,350,148,199,10313,160
liu271,李卫,7,59,28,34,1375,82
liu271,刘伯温,8,300,16,49,6700,28
liu271,林则徐,9,59,40,55,3180,52
liu271,方世玉,10,300,30,89,11865,78
liu271,多尔衮,11,350,45,96,10322,84
liu271,左宗棠,12,350,60,116,11395,72
liu271,张之洞,13,59,54,80,5213,153
liu271,蒲松龄,14,59,35,45,2058,50
liu271,李鸿章,15,59,31,49,3732,43
liu271,李寻欢,16,320,187,236,9868,199
liu271,索尼,17,59,50,56,1264,113
liu271,胡雪岩,18,59,49,63,2881,61
liu271,曹雪芹,19,59,45,53,1740,63
liu271,海大富,20,350,171,222,10296,183
liu271,华佗,21,59,47,52,1024,125
liu271,墨子,22,59,58,69,2205,70
liu271,杜甫,23,350,56,112,11296,68
liu271,廉颇,24,350,150,195,9053,168
liu271,庄周,25,59,45,64,3830,99
liu271,李元芳,26,59,44,84,8174,56
liu271,鲁班,27,59,41,54,2669,59
liu271,孙武,28,59,64,90,5317,82
liu271,张良,29,59,50,60,2135,80
liu271,姜子牙,30,49,40,40,155,58
liu271,孙膑,31,1,13,14,340,31
liu271,关羽,33,500,3045,3085,8078,3900
liu271,张飞,34,350,130,218,17774,142
liu271,赵云,35,350,344,396,10494,371
liu271,马超,36,400,192,269,15496,1536
liu271,黄忠,37,350,54,118,12972,72
liu271,诸葛亮,38,400,813,841,5751,843
liu271,庞统,39,59,66,89,4780,105
liu271,周瑜,40,350,184,280,19253,196
liu271,郭嘉,41,400,1713,1761,9694,1758
liu271,荆轲,43,350,102,159,11435,156
liu271,韦小宝,44,350,156,234,15745,2688
liu271,黄飞鸿,45,350,353,353,104,380
liu271,关银屏,51,400,1210,1236,5392,1267
liu271,马云騄,55,400,160,190,6116,5359
profile,姓名,id,等级,武力,满武力,书籍经验,总资质
cq1473691,零零发,1,350,370,470,20126,466
cq1473691,鳌拜,2,57,26,73,9570,29
cq1473691,和珅,3,50,1,71,14072,16
cq1473691,郑板桥,4,20,1,43,8555,7
cq1473691,喜来乐,5,50,1,48,9410,7
cq1473691,苏乞儿,6,56,7,59,10440,13
cq1473691,李卫,7,1,3,15,2470,24
cq1473691,刘伯温,8,300,14,77,12745,20
cq1473691,林则徐,9,300,10,65,11037,70
cq1473691,方世玉,10,300,5,54,9878,20
cq1473691,多尔衮,11,56,5,53,9620,8
cq1473691,左宗棠,12,56,5,44,7973,11
cq1473691,张之洞,13,300,26,81,11113,131
cq1473691,蒲松龄,14,1,1,32,6210,16
cq1473691,李鸿章,15,1,1,28,5585,7
cq1473691,李寻欢,16,1,8,10,475,14
cq1473691,海大富,20,56,8,41,6704,14
cq1473691,华佗,21,1,2,27,5065,26
cq1473691,墨子,22,1,1,32,6280,7
cq1473691,杜甫,23,1,4,49,9030,10
cq1473691,廉颇,24,11,9,41,6525,18
cq1473691,庄周,25,1,1,33,6495,28
cq1473691,李元芳,26,1,4,34,6000,10
cq1473691,鲁班,27,1,1,1,180,10
cq1473691,关羽,33,1,8,8,110,17
cq1473691,张飞,34,1,7,7,130,13
cq1473691,赵云,35,1,7,11,890,16
cq1473691,马超,36,1,7,52,9060,19
cq1473691,黄忠,37,1,7,7,90,16
cq1473691,诸葛亮,38,300,32,72,8019,38
cq1473691,郭嘉,41,350,204,230,5353,207
cq1473691,韦小宝,44,400,93,110,3495,2802
cq1473691,马云騄,55,400,8,57,9882,242
profile,姓名,id,等级,武力,满武力,书籍经验,总资质
cq1473693,零零发,1,300,276,370,18995,354
cq1473693,鳌拜,2,56,30,73,8760,36
cq1473693,和珅,3,350,5,76,14345,1145
cq1473693,郑板桥,4,30,5,32,5400,11
cq1473693,喜来乐,5,30,3,19,3260,9
cq1473693,苏乞儿,6,56,7,70,12630,13
cq1473693,李卫,7,1,5,21,3295,26
cq1473693,刘伯温,8,300,14,66,10547,20
cq1473693,林则徐,9,300,10,87,15555,52
cq1473693,方世玉,10,300,5,39,6920,20
cq1473693,多尔衮,11,57,5,42,7505,11
cq1473693,左宗棠,12,57,5,30,5080,11
cq1473693,张之洞,13,56,12,25,2740,30
cq1473693,蒲松龄,14,1,3,42,7860,18
cq1473693,李鸿章,15,1,3,10,1470,9
cq1473693,李寻欢,16,1,8,15,1510,14
cq1473693,海大富,20,56,8,55,9595,14
cq1473693,华佗,21,1,3,60,11540,27
cq1473693,墨子,22,1,3,42,7880,9
cq1473693,杜甫,23,1,4,14,2140,10
cq1473693,廉颇,24,1,9,32,4662,18
cq1473693,庄周,25,1,3,38,7160,30
cq1473693,李元芳,26,1,4,40,7265,10
cq1473693,鲁班,27,1,3,4,340,12
cq1473693,关羽,33,1,8,8,70,17
cq1473693,张飞,34,1,7,7,40,13
cq1473693,赵云,35,1,7,21,2870,16
cq1473693,马超,36,1,23,52,5985,35
cq1473693,黄忠,37,1,7,7,70,16
cq1473693,诸葛亮,38,300,127,176,9980,133
cq1473693,郭嘉,41,350,255,265,2043,261
cq1473693,韦小宝,44,350,114,123,1931,342
cq1473693,马云騄,55,400,33,61,5694,204
profile,姓名,id,等级,武力,满武力,书籍经验,总资质
cq147369,零零发,1,300,40,99,11900,94
cq147369,鳌拜,2,250,30,60,6115,57
cq147369,和珅,3,150,4,14,2024,19
cq147369,郑板桥,4,200,5,12,1445,17
cq147369,喜来乐,5,200,7,22,3038,13
cq147369,苏乞儿,6,300,39,61,4433,57
cq147369,李卫,7,150,3,12,1848,24
cq147369,刘伯温,8,300,12,49,7444,18
cq147369,林则徐,9,200,3,22,3945,9
cq147369,方世玉,10,300,10,46,7262,37
cq147369,多尔衮,11,250,5,24,3942,20
cq147369,左宗棠,12,250,10,28,3684,22
cq147369,张之洞,13,200,8,43,7116,29
cq147369,蒲松龄,14,150,2,11,1985,17
cq147369,李鸿章,15,150,6,18,2461,12
cq147369,李寻欢,16,250,14,32,3624,20
cq147369,索尼,17,150,8,21,2752,50
cq147369,胡雪岩,18,150,3,7,998,9
cq147369,曹雪芹,19,150,3,12,1844,12
cq147369,海大富,20,300,45,61,3372,87
cq147369,华佗,21,150,3,21,3666,27
cq147369,墨子,22,150,3,14,2203,9
cq147369,杜甫,23,200,4,43,7830,16
cq147369,廉颇,24,250,17,38,4318,35
cq147369,庄周,25,200,6,10,895,33
cq147369,李元芳,26,1,4,26,4445,10
cq147369,鲁班,27,1,2,20,3755,11
cq147369,孙武,28,1,10,13,790,19
cq147369,关羽,33,300,16,34,3602,25
cq147369,张飞,34,1,7,7,80,13
cq147369,赵云,35,1,7,11,810,16
cq147369,马超,36,1,10,42,6415,22
cq147369,黄忠,37,1,7,7,110,16
cq147369,诸葛亮,38,300,27,62,7000,33
cq147369,郭嘉,41,350,258,269,2344,264
cq147369,韦小宝,44,350,111,113,594,183
cq147369,黄飞鸿,45,350,119,125,1303,254
cq147369,马云騄,55,350,13,42,5978,1066
profile,姓名,id,等级,武力,满武力,书籍经验,总资质
muyang1,零零发,1,350,164,212,9721,278
muyang1,鳌拜,2,350,140,160,4005,260
muyang1,和珅,3,300,46,53,1461,106
muyang1,郑板桥,4,250,25,30,1190,37
muyang1,喜来乐,5,300,33,39,1294,45
muyang1,苏乞儿,6,300,81,99,3796,135
muyang1,李卫,7,289,27,34,1585,105
muyang1,刘伯温,8,300,30,57,5453,42
muyang1,林则徐,9,300,43,47,979,55
muyang1,方世玉,10,300,45,78,6788,99
muyang1,多尔衮,11,250,30,45,3021,72
muyang1,左宗棠,12,300,35,50,3026,65
muyang1,张之洞,13,300,36,59,4648,75
muyang1,蒲松龄,14,300,41,45,814,71
muyang1,李鸿章,15,250,27,33,1345,39
muyang1,李寻欢,16,350,484,498,2868,1066
muyang1,索尼,17,300,47,54,1568,95
muyang1,胡雪岩,18,300,46,54,1656,58
muyang1,曹雪芹,19,300,29,35,1230,47
muyang1,海大富,20,300,42,56,2861,54
muyang1,华佗,21,300,55,59,986,118
muyang1,墨子,22,300,43,46,745,55
muyang1,杜甫,23,300,28,58,6076,58
muyang1,廉颇,24,300,35,48,2617,53
muyang1,庄周,25,250,22,25,783,64
muyang1,李元芳,26,300,32,65,6713,50
muyang1,鲁班,27,250,21,26,1151,39
muyang1,孙武,28,250,36,41,1066,54
muyang1,张良,29,200,9,20,2240,39
muyang1,姜子牙,30,16,9,15,1375,27
muyang1,关羽,33,400,812,823,2287,1982
muyang1,张飞,34,300,17,32,3158,29
muyang1,赵云,35,300,41,56,3102,59
muyang1,马超,36,300,45,69,4819,57
muyang1,黄忠,37,300,21,31,2187,39
muyang1,诸葛亮,38,400,1021,1022,276,1381
muyang1,庞统,39,300,33,43,2060,66
muyang1,周瑜,40,300,43,55,2405,55
muyang1,郭嘉,41,400,273,308,7148,300
muyang1,韦小宝,44,350,60,68,1668,510
muyang1,黄飞鸿,45,350,283,289,1258,787
muyang1,吕玲绮,53,400,102,115,2696,192
muyang1,马云騄,55,400,11,35,4982,182
profile,姓名,id,等级,武力,满武力,书籍经验,总资质
muyang2,零零发,1,350,196,243,9592,316
muyang2,鳌拜,2,350,188,208,4127,311
muyang2,和珅,3,300,49,55,1205,64
muyang2,郑板桥,4,250,30,33,721,42
muyang2,喜来乐,5,300,38,42,832,56
muyang2,苏乞儿,6,300,48,60,2589,60
muyang2,李卫,7,250,32,39,1485,62
muyang2,刘伯温,8,300,30,57,5476,42
muyang2,林则徐,9,300,23,28,1170,35
muyang2,方世玉,10,300,45,76,6324,105
muyang2,多尔衮,11,250,20,35,3168,56
muyang2,左宗棠,12,300,35,50,3122,65
muyang2,张之洞,13,300,40,63,4741,103
muyang2,蒲松龄,14,300,42,48,1331,72
muyang2,李鸿章,15,250,28,32,832,40
muyang2,李寻欢,16,350,671,681,2090,1223
muyang2,索尼,17,250,30,34,959,102
muyang2,胡雪岩,18,250,22,27,1063,34
muyang2,曹雪芹,19,300,45,53,1767,63
muyang2,海大富,20,300,61,70,1865,85
muyang2,华佗,21,250,20,26,1209,53
muyang2,墨子,22,250,20,26,1204,32
muyang2,杜甫,23,250,16,46,6090,28
muyang2,廉颇,24,250,26,32,1270,53
muyang2,庄周,25,250,20,26,1207,77
muyang2,李元芳,26,250,16,45,5835,28
muyang2,鲁班,27,250,22,27,1053,40
muyang2,孙武,28,250,26,31,1098,44
muyang2,张良,29,250,8,14,1370,92
muyang2,姜子牙,30,6,8,8,20,26
muyang2,关羽,33,400,1108,1117,1863,2008
muyang2,张飞,34,300,30,32,562,42
muyang2,赵云,35,300,29,37,1721,47
muyang2,马超,36,300,46,67,4344,58
muyang2,黄忠,37,300,20,30,2021,38
muyang2,诸葛亮,38,400,659,660,209,1211
muyang2,庞统,39,300,36,44,1719,60
muyang2,周瑜,40,350,76,83,1408,94
muyang2,郭嘉,41,350,276,301,5037,306
muyang2,韦小宝,44,350,75,81,1349,933
muyang2,马云騄,55,400,16,40,4946,187
muyang2,王异,65,400,186,195,1997,228
profile,姓名,id,等级,武力,满武力,书籍经验,总资质
1358177 yubei,零零发,1,300,56,110,10919,68
1358177 yubei,鳌拜,2,200,72,93,4253,108
1358177 yubei,和珅,3,150,52,56,846,67
1358177 yubei,郑板桥,4,59,15,15,185,27
1358177 yubei,喜来乐,5,150,40,47,1534,52
1358177 yubei,苏乞儿,6,250,105,118,2674,117
1358177 yubei,李卫,7,150,37,40,748,94
1358177 yubei,刘伯温,8,300,8,41,6626,32
1358177 yubei,林则徐,9,59,20,24,811,32
1358177 yubei,方世玉,10,300,25,52,5567,55
1358177 yubei,多尔衮,11,150,30,46,3294,66
1358177 yubei,左宗棠,12,150,20,47,5490,44
1358177 yubei,张之洞,13,150,36,59,4668,114
1358177 yubei,蒲松龄,14,200,54,66,2515,69
1358177 yubei,李鸿章,15,59,48,51,755,60
1358177 yubei,李寻欢,16,200,36,47,2309,48
1358177 yubei,索尼,17,59,30,33,732,78
1358177 yubei,胡雪岩,18,59,14,15,250,26
1358177 yubei,曹雪芹,19,150,33,40,1460,51
1358177 yubei,海大富,20,300,75,83,1651,87
1358177 yubei,华佗,21,100,24,28,965,72
1358177 yubei,墨子,22,150,44,49,1013,62
1358177 yubei,杜甫,23,150,20,53,6738,32
1358177 yubei,廉颇,24,200,35,43,1620,53
1358177 yubei,庄周,25,59,28,34,1220,67
1358177 yubei,李元芳,26,200,52,83,6310,64
1358177 yubei,鲁班,27,59,21,27,1225,39
1358177 yubei,孙武,28,130,32,35,749,50
1358177 yubei,张良,29,100,13,13,95,55
1358177 yubei,姜子牙,30,59,15,17,438,33
1358177 yubei,关羽,33,400,188,213,5075,206
1358177 yubei,张飞,34,300,42,46,964,54
1358177 yubei,赵云,35,300,47,53,1354,65
1358177 yubei,马超,36,400,1900,1935,7093,1984
1358177 yubei,黄忠,37,250,22,41,3880,40
1358177 yubei,诸葛亮,38,400,398,447,9865,446
1358177 yubei,庞统,39,300,66,74,1620,102
1358177 yubei,周瑜,40,300,55,67,2552,67
1358177 yubei,郭嘉,41,350,177,216,7837,213
1358177 yubei,韦小宝,44,400,66,113,9534,3123
1358177 yubei,关银屏,51,400,1002,1010,1611,1056
1358177 yubei,马云騄,55,400,16,42,5308,187
profile,姓名,id,等级,武力,满武力,书籍经验,总资质
1770994 yubeiyi,零零发,1,300,44,100,11208,56
1770994 yubeiyi,鳌拜,2,150,44,68,4943,71
1770994 yubeiyi,和珅,3,59,32,35,704,47
1770994 yubeiyi,郑板桥,4,59,39,41,501,51
1770994 yubeiyi,喜来乐,5,59,28,30,563,40
1770994 yubeiyi,苏乞儿,6,150,30,38,1680,42
1770994 yubeiyi,李卫,7,150,23,27,975,86
1770994 yubeiyi,刘伯温,8,300,44,76,6491,56
1770994 yubeiyi,林则徐,9,59,20,27,1565,32
1770994 yubeiyi,方世玉,10,300,20,47,5421,50
1770994 yubeiyi,多尔衮,11,150,25,39,2965,58
1770994 yubeiyi,左宗棠,12,100,30,45,3053,42
1770994 yubeiyi,张之洞,13,59,44,66,4525,92
1770994 yubeiyi,蒲松龄,14,100,32,34,570,62
1770994 yubeiyi,李鸿章,15,59,19,24,1180,55
1770994 yubeiyi,李寻欢,16,200,77,82,1021,89
1770994 yubeiyi,索尼,17,150,26,37,2352,92
1770994 yubeiyi,胡雪岩,18,59,20,22,450,32
1770994 yubeiyi,曹雪芹,19,150,21,26,1023,66
1770994 yubeiyi,海大富,20,200,46,49,672,58
1770994 yubeiyi,华佗,21,100,23,28,1022,80
1770994 yubeiyi,墨子,22,59,22,24,435,52
1770994 yubeiyi,杜甫,23,150,32,60,5789,44
1770994 yubeiyi,廉颇,24,150,27,33,1344,45
1770994 yubeiyi,庄周,25,59,9,9,195,48
1770994 yubeiyi,李元芳,26,57,4,20,3240,16
1770994 yubeiyi,鲁班,27,59,9,10,240,27
1770994 yubeiyi,孙武,28,59,18,20,550,36
1770994 yubeiyi,张良,29,16,9,9,10,39
1770994 yubeiyi,姜子牙,30,59,9,11,475,27
1770994 yubeiyi,关羽,33,400,160,185,5148,178
1770994 yubeiyi,张飞,34,200,32,36,968,44
1770994 yubeiyi,赵云,35,200,24,31,1443,42
1770994 yubeiyi,马超,36,400,1560,1565,1024,1668
1770994 yubeiyi,黄忠,37,200,18,21,753,36
1770994 yubeiyi,诸葛亮,38,350,180,201,4235,222
1770994 yubeiyi,庞统,39,250,41,48,1517,68
1770994 yubeiyi,周瑜,40,200,27,39,2431,39
1770994 yubeiyi,郭嘉,41,400,330,391,12216,357
1770994 yubeiyi,韦小宝,44,400,45,98,10678,2592
1770994 yubeiyi,马云騄,55,400,11,37,5220,182
1770994 yubeiyi,张星彩,58,400,153,191,7718,198
profile,姓名,id,等级,武力,满武力,书籍经验,总资质
1861216 jia,零零发,1,300,72,123,10310,84
1861216 jia,鳌拜,2,250,112,138,5222,154
1861216 jia,和珅,3,100,26,26,93,41
1861216 jia,郑板桥,4,200,68,72,977,80
1861216 jia,喜来乐,5,200,58,60,570,70
1861216 jia,苏乞儿,6,300,183,211,5657,195
1861216 jia,李卫,7,150,47,51,834,86
1861216 jia,刘伯温,8,300,42,72,6001,60
1861216 jia,林则徐,9,350,77,82,1046,89
1861216 jia,方世玉,10,300,45,90,9029,81
1861216 jia,多尔衮,11,150,25,58,6716,64
1861216 jia,左宗棠,12,200,55,86,6341,67
1861216 jia,张之洞,13,200,62,84,4431,176
1861216 jia,蒲松龄,14,200,64,68,904,169
1861216 jia,李鸿章,15,200,64,68,824,82
1861216 jia,李寻欢,16,250,87,106,3893,99
1861216 jia,索尼,17,59,34,36,451,112
1861216 jia,胡雪岩,18,59,14,14,85,26
1861216 jia,曹雪芹,19,59,48,49,299,84
1861216 jia,海大富,20,200,67,81,2855,79
1861216 jia,华佗,21,150,50,53,742,116
1861216 jia,墨子,22,150,40,45,1019,58
1861216 jia,杜甫,23,150,44,76,6502,56
1861216 jia,廉颇,24,200,47,60,2715,65
1861216 jia,庄周,25,200,60,63,704,186
1861216 jia,李元芳,26,99,48,80,6531,108
1861216 jia,鲁班,27,59,16,16,25,34
1861216 jia,孙武,28,59,46,51,1187,64
1861216 jia,张良,29,59,19,19,75,97
1861216 jia,姜子牙,30,59,13,13,40,31
1861216 jia,孙膑,31,1,13,13,120,31
1861216 jia,关羽,33,400,520,532,2503,538
1861216 jia,张飞,34,350,158,172,2973,170
1861216 jia,赵云,35,350,160,172,2494,178
1861216 jia,马超,36,400,1956,1958,509,2136
1861216 jia,黄忠,37,260,72,82,2031,90
1861216 jia,诸葛亮,38,400,641,646,1138,785
1861216 jia,庞统,39,300,101,107,1201,140
1861216 jia,周瑜,40,300,66,69,604,78
1861216 jia,郭嘉,41,400,945,948,669,984
1861216 jia,韦小宝,44,400,87,97,2020,4200
1861216 jia,马云騄,55,400,25,46,4302,4396
1861216 jia,张星彩,58,400,324,360,7345,405
1861216 jia,王异,65,400,1944,1949,1158,2031
profile,姓名,id,等级,武力,满武力,书籍经验,总资质
12160829 yi,零零发,1,300,58,113,11041,70
12160829 yi,鳌拜,2,250,88,109,4271,124
12160829 yi,和珅,3,100,17,17,195,32
12160829 yi,郑板桥,4,59,35,37,475,53
12160829 yi,喜来乐,5,150,52,55,663,64
12160829 yi,苏乞儿,6,300,151,167,3232,163
12160829 yi,李卫,7,150,48,51,669,78
12160829 yi,刘伯温,8,300,16,48,6455,28
12160829 yi,林则徐,9,200,44,48,911,56
12160829 yi,方世玉,10,300,35,76,8200,77
12160829 yi,多尔衮,11,150,45,74,5996,81
12160829 yi,左宗棠,12,100,5,16,2231,17
12160829 yi,张之洞,13,150,52,75,4636,139
12160829 yi,蒲松龄,14,200,48,51,633,123
12160829 yi,李鸿章,15,200,47,50,610,71
12160829 yi,李寻欢,16,250,83,95,2554,95
12160829 yi,索尼,17,200,51,54,644,177
12160829 yi,胡雪岩,18,150,29,31,486,41
12160829 yi,曹雪芹,19,59,47,49,435,65
12160829 yi,海大富,20,200,77,90,2639,89
12160829 yi,华佗,21,150,30,33,606,174
12160829 yi,墨子,22,59,41,43,494,53
12160829 yi,杜甫,23,300,72,106,6848,84
12160829 yi,廉颇,24,200,56,62,1270,74
12160829 yi,庄周,25,150,48,50,444,144
12160829 yi,李元芳,26,59,44,71,5494,56
12160829 yi,鲁班,27,59,33,34,295,51
12160829 yi,孙武,28,59,34,37,661,52
12160829 yi,张良,29,52,13,13,170,43
12160829 yi,姜子牙,30,100,21,22,384,39
12160829 yi,孙膑,31,1,12,12,0,30
12160829 yi,关羽,33,400,232,238,1356,250
12160829 yi,张飞,34,300,55,61,1249,67
12160829 yi,赵云,35,300,61,69,1756,79
12160829 yi,马超,36,400,1857,1859,509,2013
12160829 yi,黄忠,37,300,61,66,1168,79
12160829 yi,诸葛亮,38,400,636,637,297,702
12160829 yi,庞统,39,300,60,63,732,96
12160829 yi,周瑜,40,300,194,199,1175,206
12160829 yi,郭嘉,41,350,198,222,4936,234
12160829 yi,韦小宝,44,400,231,239,1664,3819
12160829 yi,关银屏,51,400,2990,3020,6186,3053
12160829 yi,马云騄,55,400,28,66,7611,3625
profile,姓名,id,等级,武力,满武力,书籍经验,总资质
134886 bing,零零发,1,300,60,111,10266,72
134886 bing,鳌拜,2,200,74,96,4412,110
134886 bing,和珅,3,59,42,44,475,57
134886 bing,郑板桥,4,59,13,14,245,25
134886 bing,喜来乐,5,100,28,30,472,40
134886 bing,苏乞儿,6,300,159,186,5567,171
134886 bing,李卫,7,150,37,39,407,76
134886 bing,刘伯温,8,300,56,86,6025,68
134886 bing,林则徐,9,59,13,14,330,25
134886 bing,方世玉,10,300,35,74,7826,65
134886 bing,多尔衮,11,100,5,32,5460,44
134886 bing,左宗棠,12,200,40,71,6383,52
134886 bing,张之洞,13,200,40,61,4386,160
134886 bing,蒲松龄,14,250,50,52,539,65
134886 bing,李鸿章,15,150,33,36,690,57
134886 bing,李寻欢,16,250,72,87,3063,84
134886 bing,索尼,17,200,34,35,397,127
134886 bing,胡雪岩,18,70,52,55,609,70
134886 bing,曹雪芹,19,200,44,47,630,62
134886 bing,海大富,20,200,85,99,2924,97
134886 bing,华佗,21,200,47,50,756,131
134886 bing,墨子,22,59,31,33,415,43
134886 bing,杜甫,23,300,56,88,6464,68
134886 bing,廉颇,24,200,52,64,2400,70
134886 bing,庄周,25,150,25,29,913,139
134886 bing,李元芳,26,59,40,68,5735,52
134886 bing,鲁班,27,150,41,45,877,59
134886 bing,孙武,28,95,58,60,477,76
134886 bing,张良,29,59,19,19,35,49
134886 bing,姜子牙,30,59,24,24,10,42
134886 bing,孙膑,31,1,12,12,10,30
134886 bing,关羽,33,400,364,375,2244,382
134886 bing,张飞,34,300,63,67,997,75
134886 bing,赵云,35,300,85,92,1512,103
134886 bing,马超,36,400,2255,2260,1160,2399
134886 bing,黄忠,37,260,61,65,917,79
134886 bing,诸葛亮,38,400,1511,1514,747,1595
134886 bing,庞统,39,250,54,57,615,90
134886 bing,周瑜,40,250,69,72,688,81
134886 bing,郭嘉,41,400,951,957,1224,987
134886 bing,韦小宝,44,400,96,104,1751,5706
134886 bing,马云騄,55,400,1071,1102,6368,3441
134886 bing,张星彩,58,400,49,56,1498,103
134886 bing,张辽,59,68,26,30,956,74
profile,姓名,id,等级,武力,满武力,书籍经验,总资质
88699777 ding,零零发,1,300,52,106,10865,64
88699777 ding,鳌拜,2,200,100,123,4635,136
88699777 ding,和珅,3,59,15,15,110,30
88699777 ding,郑板桥,4,59,31,34,609,55
88699777 ding,喜来乐,5,100,13,13,185,25
88699777 ding,苏乞儿,6,300,171,187,3336,183
88699777 ding,李卫,7,150,25,28,605,94
88699777 ding,刘伯温,8,300,54,86,6486,66
88699777 ding,林则徐,9,200,62,66,871,74
88699777 ding,方世玉,10,300,50,89,7956,86
88699777 ding,多尔衮,11,150,35,66,6336,71
88699777 ding,左宗棠,12,150,30,48,3684,48
88699777 ding,张之洞,13,200,46,70,4834,163
88699777 ding,蒲松龄,14,200,65,68,780,80
88699777 ding,李鸿章,15,59,61,63,565,73
88699777 ding,李寻欢,16,250,75,87,2589,87
88699777 ding,索尼,17,200,30,34,914,168
88699777 ding,胡雪岩,18,59,61,63,415,73
88699777 ding,曹雪芹,19,59,44,46,530,62
88699777 ding,海大富,20,200,57,70,2627,69
88699777 ding,华佗,21,150,26,29,731,95
88699777 ding,墨子,22,150,36,40,830,48
88699777 ding,杜甫,23,300,44,73,5984,56
88699777 ding,廉颇,24,200,73,76,737,91
88699777 ding,庄周,25,150,54,56,579,108
88699777 ding,李元芳,26,100,8,27,3922,26
88699777 ding,鲁班,27,100,12,13,275,30
88699777 ding,孙武,28,59,50,53,740,68
88699777 ding,张良,29,59,18,18,150,66
88699777 ding,姜子牙,30,59,39,41,500,57
88699777 ding,关羽,33,400,228,236,1625,246
88699777 ding,张飞,34,300,51,55,812,63
88699777 ding,赵云,35,300,60,71,2251,78
88699777 ding,马超,36,400,1966,1970,932,2158
88699777 ding,黄忠,37,250,33,40,1539,51
88699777 ding,诸葛亮,38,400,675,676,253,723
88699777 ding,庞统,39,300,62,66,851,98
88699777 ding,周瑜,40,300,86,90,811,98
88699777 ding,郭嘉,41,350,234,259,5009,270
88699777 ding,韦小宝,44,400,120,130,2063,4068
88699777 ding,关银屏,51,400,2948,2959,2244,3002
88699777 ding,马云騄,55,400,23,66,8674,4136
profile,姓名,id,等级,武力,满武力,书籍经验,总资质
pgh123,零零发,1,300,18,78,12083,30
pgh123,鳌拜,2,150,28,54,5370,49
pgh123,和珅,3,20,8,23,3015,38
pgh123,郑板桥,4,10,7,19,2430,31
pgh123,喜来乐,5,20,7,21,2940,19
pgh123,苏乞儿,6,200,30,49,3805,42
pgh123,李卫,7,100,7,33,5282,28
pgh123,刘伯温,8,300,14,55,8214,26
pgh123,林则徐,9,80,8,15,1515,20
pgh123,方世玉,10,300,5,33,5699,26
pgh123,多尔衮,11,100,5,28,4600,26
pgh123,左宗棠,12,100,5,23,3743,17
pgh123,张之洞,13,150,16,49,6634,115
pgh123,蒲松龄,14,100,8,21,2704,38
pgh123,李鸿章,15,5,7,20,2625,19
pgh123,李寻欢,16,150,18,28,2109,36
pgh123,索尼,17,59,7,17,2160,31
pgh123,胡雪岩,18,10,7,31,4885,19
pgh123,曹雪芹,19,2,7,23,3265,16
pgh123,海大富,20,150,14,19,1086,26
pgh123,华佗,21,100,7,19,2484,49
pgh123,墨子,22,79,7,18,2251,19
pgh123,杜甫,23,100,4,36,6409,16
pgh123,廉颇,24,2,9,27,3630,18
pgh123,庄周,25,12,7,24,3560,34
pgh123,李元芳,26,1,4,35,6345,16
pgh123,鲁班,27,1,7,19,2537,16
pgh123,孙武,28,1,10,12,540,19
pgh123,张良,29,1,7,7,170,37
pgh123,姜子牙,30,1,7,7,40,16
pgh123,关羽,33,350,40,47,1432,49
pgh123,张飞,34,10,17,19,520,29
pgh123,赵云,35,10,13,18,1070,22
pgh123,马超,36,400,1076,1079,752,1136
pgh123,黄忠,37,1,14,17,627,23
pgh123,诸葛亮,38,400,161,177,3217,221
pgh123,庞统,39,200,20,26,1220,41
pgh123,周瑜,40,150,14,18,932,26
pgh123,郭嘉,41,350,141,174,6767,162
pgh123,韦小宝,44,350,12,28,3289,1611
pgh123,马云騄,55,400,8,35,5524,179
pgh123,张星彩,58,350,27,68,8371,57
profile,姓名,id,等级,武力,满武力,书籍经验,总资质
pgh1234,零零发,1,300,18,86,13780,30
pgh1234,鳌拜,2,150,40,65,5011,49
pgh1234,和珅,3,59,4,19,3055,19
pgh1234,郑板桥,4,10,4,10,1295,22
pgh1234,喜来乐,5,20,4,15,2220,16
pgh1234,苏乞儿,6,150,11,23,2595,23
pgh1234,李卫,7,10,4,5,360,25
pgh1234,刘伯温,8,300,12,44,6410,60
pgh1234,林则徐,9,59,5,13,1770,17
pgh1234,方世玉,10,300,10,34,4834,31
pgh1234,多尔衮,11,100,10,23,2767,19
pgh1234,左宗棠,12,150,10,22,2520,22
pgh1234,张之洞,13,59,14,40,5250,35
pgh1234,蒲松龄,14,100,4,8,924,19
pgh1234,李鸿章,15,10,4,7,640,16
pgh1234,李寻欢,16,200,45,53,1776,57
pgh1234,索尼,17,59,4,18,2915,28
pgh1234,胡雪岩,18,59,4,8,860,16
pgh1234,曹雪芹,19,59,4,13,1880,13
pgh1234,海大富,20,150,16,22,1233,28
pgh1234,华佗,21,80,4,10,1264,43
pgh1234,墨子,22,59,4,8,935,16
pgh1234,杜甫,23,100,4,16,2459,16
pgh1234,廉颇,24,1,9,21,2555,18
pgh1234,庄周,25,1,4,22,3685,31
pgh1234,李元芳,26,1,4,17,2700,16
pgh1234,鲁班,27,1,4,6,460,13
pgh1234,孙武,28,1,10,10,170,19
pgh1234,张良,29,1,4,4,140,34
pgh1234,姜子牙,30,1,4,4,0,13
pgh1234,关羽,33,350,28,39,2324,37
pgh1234,张飞,34,1,7,18,2255,19
pgh1234,赵云,35,1,7,12,1092,16
pgh1234,马超,36,400,1032,1037,1008,1044
pgh1234,黄忠,37,20,7,9,460,16
pgh1234,诸葛亮,38,350,147,165,3732,165
pgh1234,庞统,39,59,8,19,2200,17
pgh1234,周瑜,40,59,8,10,510,20
pgh1234,郭嘉,41,350,147,171,4861,156
pgh1234,韦小宝,44,350,6,15,1808,1443
pgh1234,马云騄,55,400,13,40,5506,184
pgh1234,张星彩,58,350,69,112,8762,87
profile,姓名,id,等级,武力,满武力,书籍经验,总资质
pgh12345,零零发,1,300,18,77,11879,30
pgh12345,鳌拜,2,20,26,38,2555,38
pgh12345,和珅,3,10,5,13,1600,20
pgh12345,郑板桥,4,10,6,9,690,18
pgh12345,喜来乐,5,20,6,10,980,18
pgh12345,苏乞儿,6,150,44,55,2303,56
pgh12345,李卫,7,150,19,24,1075,40
pgh12345,刘伯温,8,300,12,34,4426,24
pgh12345,林则徐,9,10,5,11,1295,17
pgh12345,方世玉,10,100,20,34,2980,41
pgh12345,多尔衮,11,80,10,23,2751,22
pgh12345,左宗棠,12,59,5,17,2420,17
pgh12345,张之洞,13,59,14,24,2095,38
pgh12345,蒲松龄,14,100,5,10,1011,50
pgh12345,李鸿章,15,59,5,25,4085,17
pgh12345,李寻欢,16,150,17,24,1452,29
pgh12345,索尼,17,20,5,16,2305,29
pgh12345,胡雪岩,18,10,5,21,3360,17
pgh12345,曹雪芹,19,10,5,22,3420,14
pgh12345,海大富,20,150,21,26,1070,33
pgh12345,华佗,21,100,5,10,1127,53
pgh12345,墨子,22,10,5,17,2495,17
pgh12345,杜甫,23,50,4,29,5075,16
pgh12345,廉颇,24,15,9,19,2005,18
pgh12345,庄周,25,1,5,19,2915,32
pgh12345,李元芳,26,1,4,14,2005,16
pgh12345,鲁班,27,1,5,6,370,14
pgh12345,孙武,28,1,76,76,170,85
pgh12345,张良,29,1,5,5,50,35
pgh12345,关羽,33,350,32,39,1586,41
pgh12345,张飞,34,1,7,17,2065,19
pgh12345,赵云,35,1,7,30,4710,16
pgh12345,马超,36,400,757,761,973,769
pgh12345,黄忠,37,1,7,26,3815,16
pgh12345,诸葛亮,38,350,253,276,4604,265
pgh12345,庞统,39,50,8,28,4085,20
pgh12345,周瑜,40,40,8,18,2165,20
pgh12345,郭嘉,41,350,174,210,7350,186
pgh12345,韦小宝,44,350,15,25,2037,1563
pgh12345,马云騄,55,400,8,37,5906,179
pgh12345,张星彩,58,350,40,78,7636,61
profile,姓名,id,等级,武力,满武力,书籍经验,总资质
pgh123456,零零发,1,320,18,83,13148,30
pgh123456,鳌拜,2,150,32,41,1963,47
pgh123456,和珅,3,11,5,8,747,20
pgh123456,郑板桥,4,10,6,14,1715,18
pgh123456,喜来乐,5,20,5,10,1000,17
pgh123456,苏乞儿,6,150,15,26,2319,27
pgh123456,李卫,7,100,5,16,2200,26
pgh123456,刘伯温,8,300,14,34,4164,26
pgh123456,林则徐,9,10,5,9,925,17
pgh123456,方世玉,10,300,5,36,6337,26
pgh123456,多尔衮,11,100,10,30,4176,25
pgh123456,左宗棠,12,100,10,23,2685,22
pgh123456,张之洞,13,59,14,28,2930,41
pgh123456,蒲松龄,14,100,7,11,804,52
pgh123456,李鸿章,15,10,6,19,2750,18
pgh123456,李寻欢,16,150,43,49,1396,55
pgh123456,索尼,17,10,5,14,1880,29
pgh123456,胡雪岩,18,10,5,22,3510,17
pgh123456,曹雪芹,19,10,5,9,815,14
pgh123456,海大富,20,150,8,14,1237,20
pgh123456,华佗,21,100,6,8,569,54
pgh123456,墨子,22,10,5,14,1920,17
pgh123456,杜甫,23,100,4,15,2321,16
pgh123456,廉颇,24,21,9,12,665,18
pgh123456,庄周,25,1,5,15,2075,32
pgh123456,李元芳,26,1,4,13,1880,16
pgh123456,鲁班,27,1,5,7,402,14
pgh123456,孙武,28,350,322,338,3272,331
pgh123456,张良,29,1,5,5,100,35
pgh123456,关羽,33,350,28,35,1404,37
pgh123456,张飞,34,30,7,9,550,19
pgh123456,赵云,35,1,7,17,2030,16
pgh123456,马超,36,400,957,961,869,1125
pgh123456,黄忠,37,1,7,8,390,16
pgh123456,诸葛亮,38,300,153,177,4898,165
pgh123456,庞统,39,50,8,11,665,23
pgh123456,周瑜,40,1,8,10,570,20
pgh123456,郭嘉,41,350,390,428,7600,405
pgh123456,韦小宝,44,350,12,23,2217,1551
pgh123456,关银屏,51,350,456,501,9162,480
pgh123456,马云騄,55,400,8,35,5596,2111
profile,姓名,id,等级,武力,满武力,书籍经验,总资质
pgh1234567,零零发,1,300,18,70,10457,24
pgh1234567,鳌拜,2,100,28,47,3829,34
pgh1234567,和珅,3,20,3,10,1555,18
pgh1234567,郑板桥,4,10,3,4,380,9
pgh1234567,喜来乐,5,10,4,5,395,10
pgh1234567,苏乞儿,6,200,26,37,2338,32
pgh1234567,李卫,7,1,3,6,770,24
pgh1234567,刘伯温,8,300,14,46,6508,20
pgh1234567,林则徐,9,20,3,6,755,9
pgh1234567,方世玉,10,300,5,25,4117,20
pgh1234567,多尔衮,11,70,5,10,1180,11
pgh1234567,左宗棠,12,80,5,7,546,11
pgh1234567,张之洞,13,59,4,12,1610,22
pgh1234567,蒲松龄,14,59,4,12,1750,19
pgh1234567,李鸿章,15,59,3,5,580,9
pgh1234567,李寻欢,16,100,8,17,1988,14
pgh1234567,索尼,17,30,4,5,380,28
pgh1234567,胡雪岩,18,10,3,5,530,9
pgh1234567,曹雪芹,19,10,5,11,1245,14
pgh1234567,海大富,20,150,16,19,650,22
pgh1234567,华佗,21,50,3,4,395,27
pgh1234567,墨子,22,20,3,4,360,9
pgh1234567,杜甫,23,100,4,16,2424,10
pgh1234567,廉颇,24,59,14,16,460,23
pgh1234567,庄周,25,1,3,5,505,30
pgh1234567,李元芳,26,1,4,9,1050,10
pgh1234567,鲁班,27,1,3,4,340,12
pgh1234567,孙武,28,1,10,11,220,19
pgh1234567,张良,29,1,3,3,20,33
pgh1234567,关羽,33,130,8,12,942,17
pgh1234567,张飞,34,1,7,9,400,13
pgh1234567,赵云,35,1,7,11,910,16
pgh1234567,马超,36,400,676,684,1748,688
pgh1234567,黄忠,37,1,7,8,370,16
pgh1234567,诸葛亮,38,300,35,53,3646,41
pgh1234567,庞统,39,1,8,9,340,14
pgh1234567,周瑜,40,2,8,9,260,14
pgh1234567,郭嘉,41,350,264,290,5217,270
pgh1234567,韦小宝,44,350,3,15,2417,1254
pgh1234567,关银屏,51,350,412,456,8846,427
pgh1234567,马云騄,55,400,8,31,4634,164
pgh1234567,王异,65,1,118,146,5670,133
profile,姓名,id,等级,武力,满武力,书籍经验,总资质
pgh12345678,零零发,1,300,36,89,10663,48
pgh12345678,鳌拜,2,100,38,57,3887,53
pgh12345678,和珅,3,10,9,10,365,84
pgh12345678,郑板桥,4,10,17,19,430,29
pgh12345678,喜来乐,5,10,6,8,405,18
pgh12345678,苏乞儿,6,100,21,28,1528,33
pgh12345678,李卫,7,20,6,8,450,27
pgh12345678,刘伯温,8,300,24,55,6329,36
pgh12345678,林则徐,9,20,9,10,310,21
pgh12345678,方世玉,10,300,15,35,4030,42
pgh12345678,多尔衮,11,70,25,34,1926,40
pgh12345678,左宗棠,12,59,10,15,1050,22
pgh12345678,张之洞,13,59,12,34,4455,63
pgh12345678,蒲松龄,14,70,8,11,700,68
pgh12345678,李鸿章,15,1,8,10,455,20
pgh12345678,李寻欢,16,140,25,29,986,37
pgh12345678,索尼,17,70,5,8,782,74
pgh12345678,胡雪岩,18,10,9,11,565,21
pgh12345678,曹雪芹,19,10,5,6,265,14
pgh12345678,海大富,20,150,22,27,1069,34
pgh12345678,华佗,21,90,6,9,769,60
pgh12345678,墨子,22,10,8,9,380,20
pgh12345678,杜甫,23,100,8,18,2019,26
pgh12345678,廉颇,24,40,21,22,379,30
pgh12345678,庄周,25,2,8,9,300,65
pgh12345678,李元芳,26,1,12,20,1730,24
pgh12345678,鲁班,27,1,5,6,270,14
pgh12345678,孙武,28,1,10,10,30,19
pgh12345678,张良,29,1,5,5,30,35
pgh12345678,关羽,33,50,16,18,424,25
pgh12345678,张飞,34,1,20,22,410,32
pgh12345678,赵云,35,2,17,20,745,26
pgh12345678,马超,36,350,229,253,4953,241
pgh12345678,黄忠,37,10,7,9,470,16
pgh12345678,诸葛亮,38,300,57,75,3787,243
pgh12345678,庞统,39,1,16,18,410,31
pgh12345678,周瑜,40,1,21,23,440,33
pgh12345678,郭嘉,41,350,180,205,5053,195
pgh12345678,韦小宝,44,350,15,25,2054,1608
pgh12345678,关银屏,51,400,1308,1320,2525,1374
pgh12345678,马云騄,55,400,8,31,4774,164
profile,姓名,id,等级,武力,满武力,书籍经验,总资质
pgh123456789,零零发,1,300,18,81,12775,24
pgh123456789,鳌拜,2,100,28,49,4264,37
pgh123456789,和珅,3,20,3,7,955,18
pgh123456789,郑板桥,4,20,6,9,750,12
pgh123456789,喜来乐,5,20,3,21,3790,9
pgh123456789,苏乞儿,6,100,14,21,1423,20
pgh123456789,李卫,7,10,3,10,1462,24
pgh123456789,刘伯温,8,300,14,63,9810,20
pgh123456789,林则徐,9,30,3,12,1935,9
pgh123456789,方世玉,10,300,5,34,5888,20
pgh123456789,多尔衮,11,100,5,30,5131,14
pgh123456789,左宗棠,12,100,15,34,3865,21
pgh123456789,张之洞,13,54,12,33,4244,33
pgh123456789,蒲松龄,14,100,3,13,2003,18
pgh123456789,李鸿章,15,10,3,15,2490,9
pgh123456789,李寻欢,16,150,14,25,2211,20
pgh123456789,索尼,17,60,3,12,1825,27
pgh123456789,胡雪岩,18,10,3,11,1785,9
pgh123456789,曹雪芹,19,10,3,22,3950,12
pgh123456789,海大富,20,150,16,24,1654,22
pgh123456789,华佗,21,100,3,9,1257,27
pgh123456789,墨子,22,70,3,8,1028,9
pgh123456789,杜甫,23,100,4,36,6467,16
pgh123456789,廉颇,24,20,9,44,7145,18
pgh123456789,庄周,25,2,3,21,3750,30
pgh123456789,李元芳,26,1,4,13,1875,10
pgh123456789,鲁班,27,1,3,5,525,12
pgh123456789,孙武,28,1,94,95,260,103
pgh123456789,张良,29,1,3,3,110,33
pgh123456789,关羽,33,350,160,170,2051,169
pgh123456789,张飞,34,150,10,15,1007,16
pgh123456789,赵云,35,40,7,12,1130,16
pgh123456789,马超,36,350,126,149,4659,138
pgh123456789,黄忠,37,1,7,7,110,16
pgh123456789,诸葛亮,38,300,41,60,3809,47
pgh123456789,庞统,39,150,8,14,1363,17
pgh123456789,周瑜,40,150,11,17,1391,17
pgh123456789,郭嘉,41,400,657,662,1006,666
pgh123456789,韦小宝,44,350,6,14,1697,1254
pgh123456789,关银屏,51,350,1226,1245,3916,1730
pgh123456789,马云騄,55,400,13,35,4572,169
profile,姓名,id,等级,武力,满武力,书籍经验,总资质
pby123,零零发,1,300,18,74,11281,24
pby123,鳌拜,2,100,26,47,4311,32
pby123,和珅,3,20,4,6,525,19
pby123,郑板桥,4,20,4,11,1460,10
pby123,喜来乐,5,20,3,6,670,9
pby123,苏乞儿,6,150,14,21,1589,20
pby123,李卫,7,30,3,7,810,24
pby123,刘伯温,8,300,14,49,7141,20
pby123,林则徐,9,59,4,6,430,10
pby123,方世玉,10,300,5,36,6287,20
pby123,多尔衮,11,100,5,18,2736,11
pby123,左宗棠,12,100,5,19,2943,11
pby123,张之洞,13,50,10,31,4330,28
pby123,蒲松龄,14,50,3,9,1325,18
pby123,李鸿章,15,50,3,12,1965,9
pby123,李寻欢,16,150,14,22,1621,20
pby123,索尼,17,1,3,10,1550,27
pby123,胡雪岩,18,1,3,3,160,9
pby123,曹雪芹,19,1,3,4,274,12
pby123,海大富,20,150,8,14,1354,14
pby123,华佗,21,10,3,10,1560,27
pby123,墨子,22,1,3,9,1350,9
pby123,杜甫,23,11,4,35,6360,10
pby123,廉颇,24,11,9,12,615,18
pby123,庄周,25,1,3,8,1070,30
pby123,李元芳,26,1,4,7,760,10
pby123,鲁班,27,1,3,4,310,12
pby123,孙武,28,1,10,10,170,19
pby123,张良,29,1,3,3,50,33
pby123,关羽,33,50,8,16,1740,17
pby123,张飞,34,1,7,9,490,13
pby123,赵云,35,1,7,11,960,16
pby123,马超,36,350,136,141,1189,148
pby123,黄忠,37,1,7,8,390,16
pby123,诸葛亮,38,300,73,98,5181,79
pby123,庞统,39,1,8,11,630,14
pby123,周瑜,40,1,8,19,2230,14
pby123,郭嘉,41,400,792,802,2014,798
pby123,韦小宝,44,350,15,18,755,1296
pby123,关银屏,51,400,640,650,2078,694
pby123,马云騄,55,400,8,35,5588,179
profile,姓名,id,等级,武力,满武力,书籍经验,总资质
pby1234,零零发,1,300,18,76,11662,24
pby1234,鳌拜,2,40,26,44,3795,32
pby1234,和珅,3,20,4,7,720,19
pby1234,郑板桥,4,20,4,5,350,10
pby1234,喜来乐,5,20,3,5,460,9
pby1234,苏乞儿,6,100,7,20,2799,13
pby1234,李卫,7,30,4,5,380,25
pby1234,刘伯温,8,300,10,41,6282,16
pby1234,林则徐,9,10,3,13,2130,9
pby1234,方世玉,10,300,5,29,4808,20
pby1234,多尔衮,11,100,5,20,3100,11
pby1234,左宗棠,12,100,5,18,2672,11
pby1234,张之洞,13,60,12,39,5518,30
pby1234,蒲松龄,14,60,3,11,1646,18
pby1234,李鸿章,15,60,3,8,1194,9
pby1234,李寻欢,16,100,8,16,1705,14
pby1234,索尼,17,1,3,11,1635,27
pby1234,胡雪岩,18,1,3,5,500,9
pby1234,曹雪芹,19,1,3,9,1315,12
pby1234,海大富,20,100,8,12,874,14
pby1234,华佗,21,10,3,14,2205,27
pby1234,墨子,22,10,3,6,670,9
pby1234,杜甫,23,14,4,33,5990,10
pby1234,廉颇,24,1,9,12,615,18
pby1234,庄周,25,1,3,6,755,30
pby1234,李元芳,26,1,4,12,1790,10
pby1234,鲁班,27,1,3,4,380,12
pby1234,孙武,28,1,10,11,230,19
pby1234,张良,29,1,3,3,110,33
pby1234,关羽,33,40,8,10,480,17
pby1234,张飞,34,1,7,8,250,13
pby1234,赵云,35,1,7,12,1040,16
pby1234,马超,36,150,24,48,4997,36
pby1234,黄忠,37,1,7,9,420,16
pby1234,诸葛亮,38,400,671,674,678,695
pby1234,庞统,39,1,8,11,760,14
pby1234,周瑜,40,1,8,9,360,14
pby1234,郭嘉,41,350,180,188,1737,186
pby1234,韦小宝,44,350,3,14,2310,1002
pby1234,关银屏,51,400,722,732,2054,740
pby1234,马云騄,55,400,13,39,5272,169
profile,姓名,id,等级,武力,满武力,书籍经验,总资质
pby12345,零零发,1,300,18,72,10977,24
pby12345,鳌拜,2,100,30,47,3514,39
pby12345,和珅,3,10,4,5,340,19
pby12345,郑板桥,4,10,6,6,180,12
pby12345,喜来乐,5,10,14,24,2055,20
pby12345,苏乞儿,6,100,9,15,1381,15
pby12345,李卫,7,30,30,30,160,51
pby12345,刘伯温,8,300,12,42,6079,18
pby12345,林则徐,9,10,4,5,370,10
pby12345,方世玉,10,300,5,26,4285,20
pby12345,多尔衮,11,100,5,18,2644,14
pby12345,左宗棠,12,100,5,12,1509,11
pby12345,张之洞,13,50,8,30,4445,29
pby12345,蒲松龄,14,50,3,8,1155,18
pby12345,李鸿章,15,30,3,15,2570,9
pby12345,李寻欢,16,100,8,12,979,14
pby12345,索尼,17,1,3,12,1815,27
pby12345,胡雪岩,18,1,3,14,2200,9
pby12345,曹雪芹,19,1,3,3,30,12
pby12345,海大富,20,150,14,19,1198,20
pby12345,华佗,21,10,3,13,2165,27
pby12345,墨子,22,30,3,10,1400,9
pby12345,杜甫,23,20,4,13,1870,10
pby12345,廉颇,24,1,9,17,1730,18
pby12345,庄周,25,1,3,12,1880,30
pby12345,李元芳,26,1,4,13,1850,10
pby12345,鲁班,27,1,3,3,170,12
pby12345,孙武,28,1,10,10,140,19
pby12345,张良,29,1,3,3,20,33
pby12345,关羽,33,59,8,16,1725,17
pby12345,张飞,34,1,7,9,530,13
pby12345,赵云,35,150,10,24,2853,19
pby12345,马超,36,2,10,31,4290,22
pby12345,黄忠,37,1,7,8,280,16
pby12345,诸葛亮,38,300,41,63,4433,47
pby12345,庞统,39,59,8,10,545,17
pby12345,周瑜,40,1,8,10,430,14
pby12345,郭嘉,41,400,657,665,1734,666
pby12345,韦小宝,44,350,105,109,979,1068
pby12345,关银屏,51,350,196,223,5546,214
pby12345,马云騄,55,400,48,77,5984,219
profile,姓名,id,等级,武力,满武力,书籍经验,总资质
pby123456,零零发,1,300,18,83,13124,24
pby123456,鳌拜,2,100,26,54,5669,35
pby123456,和珅,3,10,3,15,2520,18
pby123456,郑板桥,4,10,5,16,2245,11
pby123456,喜来乐,5,20,3,15,2435,9
pby123456,苏乞儿,6,80,7,24,3452,13
pby123456,李卫,7,10,4,6,565,25
pby123456,刘伯温,8,300,12,43,6305,18
pby123456,林则徐,9,10,3,5,585,9
pby123456,方世玉,10,300,5,27,4584,20
pby123456,多尔衮,11,50,5,20,3065,14
pby123456,左宗棠,12,100,5,26,4340,11
pby123456,张之洞,13,50,10,31,4225,31
pby123456,蒲松龄,14,50,3,21,3770,18
pby123456,李鸿章,15,5,3,11,1700,9
pby123456,李寻欢,16,150,14,27,2785,20
pby123456,索尼,17,1,3,7,905,27
pby123456,胡雪岩,18,1,3,10,1500,9
pby123456,海大富,20,100,8,30,4591,14
pby123456,华佗,21,1,3,8,1090,27
pby123456,墨子,22,4,3,5,575,9
pby123456,杜甫,23,2,4,35,6260,10
pby123456,廉颇,24,11,9,18,1860,18
pby123456,庄周,25,1,3,13,2055,30
pby123456,李元芳,26,1,4,27,4750,10
pby123456,鲁班,27,1,3,4,240,12
pby123456,孙武,28,1,10,10,80,19
pby123456,张良,29,1,3,3,20,33
pby123456,关羽,33,200,24,35,2310,33
pby123456,张飞,34,350,55,77,4470,61
pby123456,赵云,35,59,7,12,1014,16
pby123456,马超,36,59,22,43,4260,34
pby123456,黄忠,37,1,7,7,110,16
pby123456,诸葛亮,38,400,741,742,289,753
pby123456,庞统,39,59,8,11,725,17
pby123456,周瑜,40,59,8,15,1445,14
pby123456,郭嘉,41,300,21,55,6892,30
pby123456,韦小宝,44,350,108,112,971,1005
pby123456,关银屏,51,350,182,191,1918,200
pby123456,马云騄,55,400,48,75,5574,219
profile,姓名,id,等级,武力,满武力,书籍经验,总资质
pby1234567,零零发,1,300,18,75,11553,24
pby1234567,鳌拜,2,80,28,46,3777,37
pby1234567,和珅,3,10,3,13,2045,18
pby1234567,郑板桥,4,10,3,4,250,9
pby1234567,喜来乐,5,10,3,4,365,9
pby1234567,苏乞儿,6,200,13,30,3431,19
pby1234567,李卫,7,10,3,9,1380,24
pby1234567,刘伯温,8,300,14,45,6219,20
pby1234567,林则徐,9,10,3,4,360,9
pby1234567,方世玉,10,300,140,145,1055,155
pby1234567,多尔衮,11,50,5,20,3070,14
pby1234567,左宗棠,12,2,5,21,3280,11
pby1234567,张之洞,13,1,8,30,4585,29
pby1234567,蒲松龄,14,1,3,4,310,18
pby1234567,李鸿章,15,1,5,9,995,11
pby1234567,李寻欢,16,200,11,23,2552,17
pby1234567,索尼,17,1,3,4,300,27
pby1234567,海大富,20,100,8,24,3291,14
pby1234567,华佗,21,13,3,8,1040,27
pby1234567,墨子,22,1,3,5,400,9
pby1234567,杜甫,23,50,4,39,7025,10
pby1234567,廉颇,24,1,9,15,1355,18
pby1234567,庄周,25,1,3,10,1400,30
pby1234567,李元芳,26,1,4,30,5300,10
pby1234567,鲁班,27,1,3,4,240,12
pby1234567,孙武,28,1,58,58,130,67
pby1234567,张良,29,1,3,3,10,33
pby1234567,关羽,33,200,8,16,1644,17
pby1234567,张飞,34,59,7,9,420,13
pby1234567,赵云,35,1,7,10,720,16
pby1234567,马超,36,150,16,38,4452,28
pby1234567,黄忠,37,1,7,7,100,16
pby1234567,诸葛亮,38,300,133,154,4372,139
pby1234567,庞统,39,59,8,9,330,17
pby1234567,周瑜,40,59,8,9,250,14
pby1234567,郭嘉,41,400,492,498,1377,501
pby1234567,韦小宝,44,350,6,18,2598,915
pby1234567,马云騄,55,400,8,37,5880,179
profile,姓名,id,等级,武力,满武力,书籍经验,总资质
pby12345678,零零发,1,300,18,69,10294,24
pby12345678,鳌拜,2,59,26,42,3260,35
pby12345678,和珅,3,10,3,3,190,18
pby12345678,郑板桥,4,10,3,3,140,9
pby12345678,喜来乐,5,10,3,3,164,9
pby12345678,苏乞儿,6,100,9,19,2074,15
pby12345678,李卫,7,10,3,3,110,24
pby12345678,刘伯温,8,300,8,39,6238,14
pby12345678,林则徐,9,20,3,3,170,9
pby12345678,方世玉,10,300,5,26,4366,20
pby12345678,多尔衮,11,50,5,15,2160,14
pby12345678,左宗棠,12,50,5,16,2210,11
pby12345678,张之洞,13,10,8,29,4300,29
pby12345678,蒲松龄,14,10,3,3,150,18
pby12345678,李鸿章,15,10,3,4,260,9
pby12345678,李寻欢,16,100,8,13,1182,14
pby12345678,海大富,20,125,11,22,2308,17
pby12345678,华佗,21,20,3,4,270,27
pby12345678,墨子,22,5,3,3,180,9
pby12345678,杜甫,23,10,4,30,5250,10
pby12345678,廉颇,24,10,9,9,180,18
pby12345678,庄周,25,1,3,4,250,30
pby12345678,李元芳,26,1,4,12,1680,10
pby12345678,鲁班,27,1,3,4,200,12
pby12345678,孙武,28,300,208,218,2090,217
pby12345678,关羽,33,16,8,9,300,17
pby12345678,张飞,34,2,7,8,260,13
pby12345678,赵云,35,1,7,10,640,16
pby12345678,马超,36,200,31,55,4928,43
pby12345678,黄忠,37,1,7,7,100,16
pby12345678,诸葛亮,38,300,38,67,5896,44
pby12345678,庞统,39,1,8,8,180,17
pby12345678,郭嘉,41,300,183,217,6806,192
pby12345678,韦小宝,44,200,6,16,2138,75
pby12345678,马云騄,55,400,8,40,6504,473
pby12345678,祝融,68,400,251,304,10738,269
profile,姓名,id,等级,武力,满武力,书籍经验,总资质
pby123456789,零零发,1,300,18,99,16339,24
pby123456789,鳌拜,2,50,26,51,5045,35
pby123456789,和珅,3,10,3,20,3495,18
pby123456789,郑板桥,4,10,5,30,5060,11
pby123456789,喜来乐,5,61,7,9,422,13
pby123456789,苏乞儿,6,110,7,16,1986,13
pby123456789,李卫,7,1,4,22,3615,25
pby123456789,刘伯温,8,300,14,48,6815,20
pby123456789,林则徐,9,1,3,11,1650,9
pby123456789,方世玉,10,300,5,56,10334,20
pby123456789,多尔衮,11,50,5,27,4505,14
pby123456789,左宗棠,12,2,5,13,1770,11
pby123456789,张之洞,13,1,12,32,4000,33
pby123456789,蒲松龄,14,1,3,21,3730,18
pby123456789,李鸿章,15,1,3,28,5045,9
pby123456789,李寻欢,16,20,8,13,1025,14
pby123456789,索尼,17,1,3,16,2610,27
pby123456789,胡雪岩,18,1,3,8,1195,9
pby123456789,曹雪芹,19,1,3,22,3850,12
pby123456789,海大富,20,100,14,16,558,20
pby123456789,华佗,21,50,3,23,4105,27
pby123456789,墨子,22,2,3,11,1695,9
pby123456789,杜甫,23,1,4,29,5155,10
pby123456789,廉颇,24,1,9,15,1375,18
pby123456789,庄周,25,1,3,18,3165,30
pby123456789,李元芳,26,1,4,10,1255,10
pby123456789,鲁班,27,1,3,3,180,12
pby123456789,孙武,28,1,10,10,110,19
pby123456789,关羽,33,90,12,24,2419,21
pby123456789,张飞,34,1,7,19,2515,13
pby123456789,赵云,35,1,7,10,670,16
pby123456789,马超,36,30,16,38,4520,28
pby123456789,黄忠,37,1,7,7,100,16
pby123456789,诸葛亮,38,300,32,50,3712,38
pby123456789,郭嘉,41,300,135,187,10540,144
pby123456789,韦小宝,44,200,3,40,7486,60
pby123456789,关银屏,51,400,988,1006,3792,1006
pby123456789,马云騄,55,1,8,24,3310,74
pby123456789,张春华,66,250,60,100,8188,78
pby123456789,祝融,68,350,270,580,62144,2283
profile,姓名,id,等级,武力,满武力,书籍经验,总资质
wang77,零零发,1,300,18,53,7100,24
wang77,鳌拜,2,60,30,36,1204,36
wang77,和珅,3,33,2,8,1380,17
wang77,郑板桥,4,10,2,6,810,8
wang77,喜来乐,5,39,2,10,1735,8
wang77,苏乞儿,6,100,11,17,1323,17
wang77,李卫,7,50,2,6,875,23
wang77,刘伯温,8,300,4,24,4059,10
wang77,林则徐,9,12,2,4,450,8
wang77,方世玉,10,300,5,20,3051,20
wang77,多尔衮,11,100,5,13,1789,20
wang77,左宗棠,12,33,10,14,950,16
wang77,张之洞,13,32,4,17,2670,22
wang77,蒲松龄,14,50,2,6,880,17
wang77,李鸿章,15,10,2,3,325,8
wang77,李寻欢,16,100,8,18,2083,14
wang77,索尼,17,1,2,3,350,26
wang77,胡雪岩,18,100,3,6,670,9
wang77,曹雪芹,19,10,2,9,1445,11
wang77,海大富,20,100,8,15,1568,14
wang77,华佗,21,13,2,6,820,26
wang77,墨子,22,24,2,16,2845,8
wang77,杜甫,23,7,4,5,250,10
wang77,廉颇,24,1,9,13,940,18
wang77,庄周,25,1,2,2,185,29
wang77,李元芳,26,1,4,8,845,10
wang77,鲁班,27,1,2,2,20,11
wang77,关羽,33,1,8,8,90,17
wang77,张飞,34,1,7,7,100,13
wang77,赵云,35,1,7,10,690,16
wang77,马超,36,1,10,36,5370,22
wang77,黄忠,37,1,7,7,90,16
wang77,诸葛亮,38,300,172,193,4220,178
wang77,郭嘉,41,300,183,234,10248,189
wang77,韦小宝,44,300,36,39,777,93
wang77,黄飞鸿,45,300,134,135,346,233
wang77,马云騄,55,1,8,24,3305,89
profile,姓名,id,等级,武力,满武力,书籍经验,总资质
wang777,零零发,1,300,18,55,7427,24
wang777,鳌拜,2,10,20,31,2235,23
wang777,和珅,3,30,1,3,475,16
wang777,郑板桥,4,10,1,10,1875,7
wang777,喜来乐,5,10,1,12,2220,7
wang777,苏乞儿,6,82,7,11,927,13
wang777,李卫,7,2,1,9,1645,22
wang777,刘伯温,8,300,4,26,4430,10
wang777,林则徐,9,1,1,2,335,7
wang777,方世玉,10,300,5,17,2489,20
wang777,多尔衮,11,57,5,8,730,8
wang777,左宗棠,12,80,5,8,723,11
wang777,张之洞,13,50,2,21,3900,17
wang777,蒲松龄,14,40,1,15,2960,16
wang777,李鸿章,15,1,1,3,590,7
wang777,李寻欢,16,80,8,10,465,14
wang777,索尼,17,1,1,9,1665,25
wang777,胡雪岩,18,1,1,12,2370,7
wang777,曹雪芹,19,7,1,2,385,10
wang777,海大富,20,90,8,22,2892,14
wang777,华佗,21,1,1,15,2985,25
wang777,墨子,22,1,1,13,2435,7
wang777,杜甫,23,1,4,7,780,10
wang777,廉颇,24,1,9,12,685,18
wang777,庄周,25,1,1,4,770,28
wang777,李元芳,26,1,4,11,1450,10
wang777,鲁班,27,1,1,16,3140,10
wang777,关羽,33,1,8,10,450,17
wang777,张飞,34,1,7,15,1665,13
wang777,赵云,35,1,7,26,3955,16
wang777,马超,36,1,10,37,5585,22
wang777,黄忠,37,1,7,16,1820,16
wang777,诸葛亮,38,300,134,136,428,140
wang777,郭嘉,41,350,162,215,10714,165
wang777,韦小宝,44,150,3,18,3188,30
wang777,黄飞鸿,45,300,140,154,2985,221
wang777,马云騄,55,350,8,36,5733,650
profile,姓名,id,等级,武力,满武力,书籍经验,总资质
wang7777,零零发,1,300,18,51,6794,24
wang7777,鳌拜,2,20,22,27,1090,25
wang7777,和珅,3,50,1,1,135,16
wang7777,郑板桥,4,10,1,2,230,7
wang7777,喜来乐,5,50,1,1,140,7
wang7777,苏乞儿,6,81,7,11,900,13
wang7777,李卫,7,20,1,2,380,22
wang7777,刘伯温,8,300,4,23,3954,10
wang7777,林则徐,9,5,1,2,270,7
wang7777,方世玉,10,300,160,173,2756,175
wang7777,多尔衮,11,50,5,7,545,8
wang7777,左宗棠,12,85,5,7,523,17
wang7777,张之洞,13,2,4,13,1880,19
wang7777,蒲松龄,14,1,1,1,140,31
wang7777,李鸿章,15,1,1,1,135,7
wang7777,李寻欢,16,90,8,10,480,14
wang7777,索尼,17,1,1,6,1170,25
wang7777,胡雪岩,18,1,1,2,275,7
wang7777,曹雪芹,19,1,1,1,80,10
wang7777,海大富,20,100,8,11,722,14
wang7777,华佗,21,1,1,1,145,25
wang7777,墨子,22,1,1,1,110,7
wang7777,杜甫,23,1,4,4,180,10
wang7777,廉颇,24,1,9,9,160,18
wang7777,庄周,25,1,1,1,110,28
wang7777,李元芳,26,1,4,4,140,10
wang7777,鲁班,27,1,1,1,80,10
wang7777,关羽,33,1,8,8,80,17
wang7777,张飞,34,1,7,7,100,13
wang7777,赵云,35,1,7,10,740,16
wang7777,马超,36,1,10,32,4400,22
wang7777,黄忠,37,1,7,7,100,16
wang7777,诸葛亮,38,300,192,211,3858,198
wang7777,郭嘉,41,300,222,265,8724,225
wang7777,韦小宝,44,300,60,62,506,117
wang7777,马云騄,55,300,8,28,4130,524
