cq147369,1,2,3,4,5,6,7,8,9,10,11,12,13,14,15,16,17,18,19,20,21,22,23,24,25,26,28,29,33,34,35,36,37,38,39,40,41,44,45,55
muyang1,1,2,3,4,5,6,7,8,9,10,11,12,13,14,15,16,17,18,19,20,21,22,23,24,25,26,28,29,30,33,34,35,36,37,38,39,40,41,44,45,55
muyang2,1,2,3,4,5,6,7,8,9,10,11,12,13,14,15,16,17,18,19,20,21,22,23,24,25,26,28,29,30,33,34,35,36,37,38,39,40,41,44,55
wang77,14,15,18,26,13,23,11,10,20,16,24,28,8,2,55,45,36,41,38,35,33,37,40,39,34,1
wang777,14,26,23,12,6,16,24,28,11,10,20,13,8,39,34,37,36,38,41,40,35,33,45,2,55
wang7777,4,13,26,23,28,11,12,24,8,16,20,6,2,34,55,39,35,41,36,1,38,37,33,10,40,44,9
pgh123,1,2,3,4,5,6,7,8,9,10,11,12,13,14,15,16,17,18,19,20,21,22,23,24,25,26,28,29,30,33,34,35,36,37,38,39,40,41,44,55
pgh1234,1,2,3,4,5,6,7,8,9,10,11,12,13,14,15,16,17,18,19,20,21,22,23,24,25,26,28,29,30,33,34,35,36,37,38,39,40,41,44,55
pgh12345,1,2,3,4,5,6,7,8,9,10,11,12,13,14,15,16,17,18,19,20,21,22,23,24,25,26,28,29,30,33,34,35,36,37,38,39,40,41,44,55
pgh123456,1,2,3,4,5,6,7,8,9,10,11,12,13,14,15,16,17,18,19,20,21,22,23,24,25,26,28,29,30,33,34,35,36,37,38,39,40,41,44,55
pgh1234567,1,2,3,4,5,6,7,8,9,10,11,12,13,14,15,16,17,18,19,20,21,22,23,24,25,26,28,29,30,33,34,35,36,37,38,39,40,41,44,55
pgh12345678,1,2,3,4,5,6,7,8,9,10,11,12,13,14,15,16,17,18,19,20,21,22,23,24,25,26,28,29,30,33,34,35,36,37,38,39,40,41,44,55
pgh123456789,1,2,3,4,5,6,7,8,9,10,11,12,13,14,15,16,17,18,19,20,21,22,23,24,25,26,28,29,30,33,34,35,36,37,38,39,40,41,44,55
cq147369,29,14,21,7,19,3,15,4,25,5,13,12,16,28,6,40,33,41,44,45,38,36,55,37,1,39,10,23,2,35,34,20,11,8,24,26
muyang1,30,29,25,4,15,7,19,11,26,5,12,24,13,8,34,2,45,41,16,33,38,55,1,53,36,35,6,23,10,40,44,39,37,21,28,17,18,14
muyang2,30,29,26,23,25,21,22,18,11,9,15,4,17,12,40,44,41,65,16,38,33,55,1,39,2,36,20,3,35,6,19,10,34,8,14
wang77,14,15,18,26,13,23,11,10,20,16,24,28,8,2,55,45,36,41,38,35,33,37,40,39,34,1
wang777,14,26,23,12,6,16,24,28,11,10,20,13,8,39,34,37,36,38,41,40,35,33,45,2,55
wang7777,4,13,26,23,28,11,12,24,8,16,20,6,2,34,55,39,35,41,36,1,38,37,33,10,40,44,9
pgh123,3,5,4,18,30,22,19,9,26,10,24,28,13,2,44,37,35,41,36,38,34,40,39,33,55,58,1,6,16,8,20,12
pgh1234,5,15,4,9,14,26,23,24,10,28,12,6,13,8,1,58,33,55,36,40,39,41,38,2,16
pgh12345,9,3,19,17,14,21,26,23,12,24,7,11,13,8,44,1,33,55,36,41,34,39,58,37,40,38,35,28,6,2,20,16
pgh123456,9,19,5,22,7,18,21,13,8,23,2,24,20,44,26,1,28,41,51,36,40,38,39,10,34,37,35,33,11,16,55,6,12,14,15,4,25,3,29,30,17
pgh1234567,65,21,15,19,26,20,13,8,16,10,11,23,24,12,6,44,40,51,36,41,39,38,33,28,1,2,35,37,34,55,14
pgh12345678,19,29,7,5,17,3,4,12,13,26,24,20,16,28,37,44,41,51,36,33,38,39,40,11,55,35,1,2,8
pgh123456789,15,7,17,4,26,11,24,13,12,20,16,44,40,39,2,1,41,51,55,33,23,36,38,28,8,37,35,10,34,6,14
