cq147369,no skin,17,3908,133,19,21,无书院,无巾帼,0,0,0,0,193,479,499,0,15,2,755,1481,211,3478,1899
muyang1,no skin,20,32727,154,24,40,无书院,无巾帼,2,0,2,7,601,593,596,1514,5165,1518,1998,850,217,11776,4414
muyang2,no skin,14,28783,142,33,134,无书院,无巾帼,2,0,2,18,612,538,503,1078,5099,1581,1342,1847,200,10996,4904
wang77,no skin,14,5449,127,11,10,无书院,无巾帼,0,0,1,1,134,325,308,5,45,2,595,581,323,2147,1166
wang777,no skin,14,8486,126,10,14,无书院,无巾帼,1,0,2,0,108,320,322,14,43,2,560,321,328,1680,1029
wang7777,no skin,10,21090,131,11,12,无书院,无巾帼,0,0,1,1,74,465,406,0,14,2,680,368,216,2139,1360
pgh123,no skin,14,22473,141,26,16,无书院,无巾帼,0,2,0,149,731,733,416,612,3511,2,897,996,166,9160,4452
pgh1234,no skin,14,26841,141,30,8,无书院,无巾帼,0,2,0,3,679,680,401,304,5031,2,917,827,150,7460,3598
pgh12345,no skin,14,21786,139,25,15,无书院,无巾帼,2,1,2,0,812,805,568,220,3264,2,950,1062,191,6176,3480
pgh123456,no skin,14,33308,142,18,15,无书院,无巾帼,2,1,2,38,409,847,508,4,4639,2,1610,1186,183,6052,3557
pgh1234567,no skin,16,9319,136,15,13,无书院,无巾帼,0,1,2,76,733,586,933,363,5811,2,1315,600,411,5321,3075
pgh12345678,no skin,16,5705,144,18,10,无书院,无巾帼,1,1,0,62,372,377,148,1592,4486,1534,917,622,339,5086,2785
pgh123456789,no skin,12,24762,135,12,11,无书院,无巾帼,0,1,1,66,333,444,153,1567,3994,1899,935,973,409,6340,3689


酒楼积分
{"boite":{"jlInfo":[]},"rsn":"7cclvxcsppy"}
{"s":1,"a":{"boite":{"yhType":{"type":0},"yhshow":[],"jlShop":{"score":533072,"list":[]}
a.boite.jlShop.score

联盟贡献
{"club":{"clubInfo":[]},"rsn":"6xxwxysyxbk"}
a.club.memberInfo.leftgx

酒楼买东西
id 2 - 9  100 * 4 + 500 * 4
{"boite":{"shopChange":{"id":2}},"rsn":"3zfekerzfww"}

酒楼残卷
250,300,360,431 = 1341
518,622，746,895 = 2781
1074,1289, 1547,1857 = 5767

2.4W


五虎建城门
{"club":{"householdMake":{"id":12,"heroid":33}},"rsn":"6xxwxyspwuy"}


