cq147369,零零发,1,350,154,2.71,156,413,198
cq147369,鳌拜,2,350,104,1.83,105,319,122
cq147369,和珅,3,150,4,.03,22,3753,13
cq147369,郑板桥,4,200,5,.05,19,2825,21
cq147369,喜来乐,5,200,7,.07,32,5023,21
cq147369,苏乞儿,6,350,96,1.69,111,3042,125
cq147369,李卫,7,150,3,.02,27,4969,14
cq147369,刘伯温,8,350,70,1.23,70,157,85
cq147369,林则徐,9,200,3,.03,29,5275,19
cq147369,方世玉,10,350,70,1.23,71,316,88
cq147369,多尔衮,11,300,25,.38,62,7459,37
cq147369,左宗棠,12,300,50,.75,73,4615,72
cq147369,张之洞,13,300,8,.12,67,11819,22
cq147369,蒲松龄,14,150,2,.02,28,5332,16
cq147369,李鸿章,15,150,6,.05,31,5039,19
cq147369,李寻欢,16,300,51,.77,71,4136,69
cq147369,索尼,17,150,8,.06,32,4806,29
cq147369,胡雪岩,18,150,3,.02,18,3146,16
cq147369,曹雪芹,19,150,3,.02,21,3662,16
cq147369,海大富,20,300,70,1.06,75,1187,108
cq147369,华佗,21,150,3,.02,45,8512,17
cq147369,墨子,22,150,3,.02,27,4998,17
cq147369,杜甫,23,350,66,1.16,88,4551,81
cq147369,廉颇,24,300,52,.78,61,1965,72
cq147369,庄周,25,200,6,.06,25,3940,21
cq147369,李元芳,26,300,4,.06,52,9622,17
cq147369,鲁班,27,51,2,.01,31,5810,17
cq147369,孙武,28,350,48,.85,66,3782,56
cq147369,张良,29,51,2,.01,9,1435,18
cq147369,关羽,33,350,294,5.22,295,258,303
cq147369,张飞,34,350,77,1.37,80,712,86
cq147369,赵云,35,350,105,1.97,108,795,114
cq147369,马超,36,350,301,5.35,304,763,310
cq147369,黄忠,37,350,238,4.23,241,624,247
cq147369,诸葛亮,38,350,319,5.68,319,193,330
cq147369,庞统,39,350,186,3.30,189,628,197
cq147369,周瑜,40,350,270,4.78,275,1067,280
cq147369,郭嘉,41,350,365,6.47,369,921,376
cq147369,韦小宝,44,350,356,6.28,357,323,401
cq147369,黄飞鸿,45,350,139,2.45,167,5763,222
cq147369,马云騄,55,350,320,5.64,323,671,937
muyang1,零零发,1,350,226,3.99,247,4250,370
muyang1,鳌拜,2,350,174,3.07,193,3922,265
muyang1,和珅,3,300,46,.69,54,1725,78
muyang1,郑板桥,4,250,25,.31,32,1586,53
muyang1,喜来乐,5,300,33,.50,41,1790,66
muyang1,苏乞儿,6,350,103,1.82,148,9193,152
muyang1,李卫,7,289,27,.39,36,1953,61
muyang1,刘伯温,8,350,36,.63,90,10961,56
muyang1,林则徐,9,300,43,.65,49,1265,101
muyang1,方世玉,10,350,80,1.41,107,5520,113
muyang1,多尔衮,11,350,30,.53,98,13799,60
muyang1,左宗棠,12,350,35,.62,101,13248,68
muyang1,张之洞,13,350,36,.63,78,8416,68
muyang1,蒲松龄,14,300,41,.62,46,1110,67
muyang1,李鸿章,15,250,27,.34,35,1625,58
muyang1,李寻欢,16,400,501,10.16,511,2012,974
muyang1,索尼,17,300,47,.71,56,1906,70
muyang1,胡雪岩,18,300,46,.69,55,1894,71
muyang1,曹雪芹,19,300,29,.44,36,1560,67
muyang1,海大富,20,350,42,.74,107,13082,62
muyang1,华佗,21,300,55,.83,61,1218,84
muyang1,墨子,22,300,43,.65,47,995,63
muyang1,杜甫,23,350,86,1.52,110,4824,132
muyang1,廉颇,24,350,35,.62,99,12899,55
muyang1,庄周,25,250,22,.28,27,1019,42
muyang1,李元芳,26,350,32,.56,98,13215,61
muyang1,鲁班,27,250,21,.26,27,1357,44
muyang1,孙武,28,350,50,.88,78,5758,67
muyang1,张良,29,200,9,.09,20,2380,25
muyang1,姜子牙,30,16,9,.01,16,1485,28
muyang1,关羽,33,400,826,17.03,828,425,1762
muyang1,张飞,34,350,67,1.19,85,3690,78
muyang1,赵云,35,350,91,1.78,110,3859,103
muyang1,马超,36,350,103,1.83,115,2556,114
muyang1,黄忠,37,350,67,1.19,86,3917,81
muyang1,诸葛亮,38,400,1026,21.12,1031,1002,1789
muyang1,庞统,39,350,73,1.29,97,4974,95
muyang1,周瑜,40,350,83,1.47,107,4998,99
muyang1,郭嘉,41,400,332,6.78,353,4297,356
muyang1,韦小宝,44,350,62,1.09,109,9531,243
muyang1,黄飞鸿,45,350,283,4.99,324,8385,836
muyang1,吕玲绮,53,400,270,5.45,293,4693,349
muyang1,马云騄,55,400,393,7.92,460,13485,476
muyang2,零零发,1,350,208,3.67,282,14807,372
muyang2,鳌拜,2,350,196,3.46,244,9722,288
muyang2,和珅,3,300,49,.74,56,1461,64
muyang2,郑板桥,4,250,30,.38,35,1111,53
muyang2,喜来乐,5,300,38,.57,43,1050,68
muyang2,苏乞儿,6,300,50,.76,106,11220,79
muyang2,李卫,7,250,32,.40,40,1755,50
muyang2,刘伯温,8,300,36,.54,77,8295,61
muyang2,林则徐,9,300,23,.35,30,1488,68
muyang2,方世玉,10,300,45,.68,102,11410,80
muyang2,多尔衮,11,300,20,.30,82,12586,43
muyang2,左宗棠,12,300,35,.53,96,12326,68
muyang2,张之洞,13,300,40,.60,78,7645,95
muyang2,蒲松龄,14,300,42,.63,50,1755,73
muyang2,李鸿章,15,250,28,.35,33,1090,53
muyang2,李寻欢,16,350,673,11.92,688,3116,1127
muyang2,索尼,17,250,30,.38,36,1327,61
muyang2,胡雪岩,18,250,22,.28,28,1309,42
muyang2,曹雪芹,19,300,45,.68,56,2223,68
muyang2,海大富,20,300,61,.92,100,7828,90
muyang2,华佗,21,250,20,.25,28,1699,39
muyang2,墨子,22,250,20,.25,28,1614,36
muyang2,杜甫,23,300,18,.27,80,12504,54
muyang2,廉颇,24,300,26,.39,64,7770,49
muyang2,庄周,25,250,20,.25,28,1669,45
muyang2,李元芳,26,300,16,.24,77,12293,47
muyang2,鲁班,27,250,22,.28,27,1135,40
muyang2,孙武,28,300,28,.42,63,7102,45
muyang2,张良,29,250,8,.10,17,1932,42
muyang2,姜子牙,30,6,8,.00,8,120,27
muyang2,关羽,33,400,1118,22.94,1122,833,2296
muyang2,张飞,34,300,52,.79,80,5770,63
muyang2,赵云,35,300,51,.92,83,6576,63
muyang2,马超,36,300,70,1.06,111,8319,81
muyang2,黄忠,37,300,50,.76,77,5531,64
muyang2,诸葛亮,38,400,664,13.72,667,625,1483
muyang2,庞统,39,300,61,.92,86,5013,80
muyang2,周瑜,40,350,81,1.44,123,8491,99
muyang2,郭嘉,41,350,308,5.47,343,7104,336
muyang2,韦小宝,44,350,155,2.74,194,7828,590
muyang2,马云騄,55,400,278,5.60,342,12817,360
muyang2,王异,65,400,340,6.87,371,6342,434
wang77,零零发,1,350,116,2.04,118,475,122
wang77,鳌拜,2,300,62,.94,63,323,68
wang77,和珅,3,53,2,.01,19,3412,11
wang77,郑板桥,4,50,2,.01,21,3950,11
wang77,喜来乐,5,50,2,.01,28,5395,12
wang77,苏乞儿,6,300,83,1.25,88,1006,89
wang77,李卫,7,50,2,.01,12,2110,13
wang77,刘伯温,8,300,52,.78,52,132,62
wang77,林则徐,9,52,2,.01,20,3665,13
wang77,方世玉,10,300,40,.60,40,101,49
wang77,多尔衮,11,300,5,.08,49,8806,17
wang77,左宗棠,12,300,10,.15,32,4499,19
wang77,张之洞,13,300,4,.06,51,9481,16
wang77,蒲松龄,14,50,2,.01,15,2720,14
wang77,李鸿章,15,50,2,.01,22,4165,15
wang77,李寻欢,16,300,10,.15,54,8817,17
wang77,索尼,17,51,2,.01,24,4573,15
wang77,胡雪岩,18,100,3,.02,36,6682,16
wang77,曹雪芹,19,50,2,.01,27,5005,15
wang77,海大富,20,300,8,.12,47,7961,16
wang77,华佗,21,53,2,.01,15,2675,16
wang77,墨子,22,54,2,.01,42,8115,16
wang77,杜甫,23,300,6,.09,55,9945,18
wang77,廉颇,24,300,9,.14,38,5822,17
wang77,庄周,25,51,2,.01,12,2005,17
wang77,李元芳,26,300,4,.06,32,5692,16
wang77,鲁班,27,51,2,.01,3,280,17
wang77,孙武,28,300,12,.18,40,5638,20
wang77,张良,29,1,2,.00,5,785,18
wang77,关羽,33,350,242,4.30,245,699,251
wang77,张飞,34,350,232,4.12,233,351,241
wang77,赵云,35,350,337,6.07,339,401,346
wang77,马超,36,350,284,5.05,285,272,293
wang77,黄忠,37,350,183,3.25,185,573,192
wang77,诸葛亮,38,350,316,5.63,320,945,326
wang77,庞统,39,350,233,4.13,235,468,244
wang77,周瑜,40,350,253,4.48,254,344,263
wang77,郭嘉,41,350,440,7.80,446,1264,458
wang77,韦小宝,44,350,86,1.52,89,696,127
wang77,黄飞鸿,45,350,179,3.16,182,634,266
wang77,马云騄,55,350,235,4.14,249,2816,793
wang777,零零发,1,350,96,1.69,98,473,102
wang777,鳌拜,2,300,52,.78,54,479,56
wang777,和珅,3,50,1,.00,13,2405,10
wang777,郑板桥,4,50,1,.00,21,4072,10
wang777,喜来乐,5,50,1,.00,21,4130,10
wang777,苏乞儿,6,350,54,.95,59,1047,59
wang777,李卫,7,52,1,.00,25,4885,12
wang777,刘伯温,8,350,42,.74,43,338,52
wang777,林则徐,9,51,1,.00,19,3730,12
wang777,方世玉,10,350,40,.70,42,514,48
wang777,多尔衮,11,300,30,.45,33,642,38
wang777,左宗棠,12,300,35,.53,39,889,43
wang777,张之洞,13,350,56,.99,57,250,67
wang777,蒲松龄,14,50,1,.00,20,3845,13
wang777,李鸿章,15,51,1,.00,10,1820,13
wang777,李寻欢,16,300,35,.53,38,698,41
wang777,索尼,17,51,1,.00,19,3715,14
wang777,胡雪岩,18,51,1,.00,20,3815,14
wang777,曹雪芹,19,57,1,.00,10,1875,14
wang777,海大富,20,300,38,.57,41,741,45
wang777,华佗,21,51,1,.00,21,4145,15
wang777,墨子,22,51,1,.00,27,5315,15
wang777,杜甫,23,350,62,1.09,67,1027,73
wang777,廉颇,24,300,34,.51,34,180,41
wang777,庄周,25,51,1,.00,16,3154,16
wang777,李元芳,26,350,40,.70,44,836,52
wang777,鲁班,27,51,1,.00,23,4495,16
wang777,孙武,28,350,48,.85,52,836,55
wang777,张良,29,1,1,.00,13,2570,17
wang777,关羽,33,350,218,3.87,221,716,227
wang777,张飞,34,350,166,2.95,169,787,175
wang777,赵云,35,350,357,6.41,360,704,366
wang777,马超,36,350,280,4.98,283,757,289
wang777,黄忠,37,350,257,4.57,260,606,266
wang777,诸葛亮,38,350,367,6.55,371,836,377
wang777,庞统,39,350,273,4.84,279,1208,283
wang777,周瑜,40,350,198,3.51,201,711,208
wang777,郭嘉,41,350,338,6.00,341,750,347
wang777,韦小宝,44,350,74,1.30,75,367,100
wang777,黄飞鸿,45,350,195,3.44,198,626,269
wang777,马云騄,55,350,100,1.76,120,4023,720
wang7777,零零发,1,350,104,1.83,104,138,110
wang7777,鳌拜,2,350,70,1.23,82,2452,74
wang7777,和珅,3,50,1,.00,30,5879,10
wang7777,郑板桥,4,50,1,.00,38,7525,10
wang7777,喜来乐,5,50,1,.00,26,5110,10
wang7777,苏乞儿,6,350,65,1.15,91,5384,70
wang7777,李卫,7,50,1,.00,14,2777,12
wang7777,刘伯温,8,350,42,.74,54,2455,52
wang7777,林则徐,9,55,1,.00,40,7920,12
wang7777,方世玉,10,350,195,3.44,203,1770,203
wang7777,多尔衮,11,350,35,.62,47,2446,43
wang7777,左宗棠,12,350,30,.53,52,4491,40
wang7777,张之洞,13,350,34,.60,56,4432,45
wang7777,蒲松龄,14,51,1,.00,25,4880,18
wang7777,李鸿章,15,51,1,.00,26,5045,13
wang7777,李寻欢,16,350,54,.95,79,5061,60
wang7777,索尼,17,51,1,.00,20,3975,14
wang7777,胡雪岩,18,51,1,.00,21,4005,14
wang7777,曹雪芹,19,51,1,.00,14,2600,14
wang7777,海大富,20,350,49,.86,62,2614,56
wang7777,华佗,21,51,1,.00,18,3450,15
wang7777,墨子,22,51,1,.00,16,3100,15
wang7777,杜甫,23,300,38,.57,59,4315,49
wang7777,廉颇,24,350,33,.58,52,3893,40
wang7777,庄周,25,51,1,.00,28,5480,16
wang7777,李元芳,26,350,20,.35,42,4451,32
wang7777,鲁班,27,51,1,.00,10,1920,16
wang7777,孙武,28,350,36,.63,71,7076,43
wang7777,张良,29,1,1,.00,7,1265,17
wang7777,关羽,33,350,254,4.51,256,579,263
wang7777,张飞,34,350,194,3.45,194,128,203
wang7777,赵云,35,350,399,7.19,400,211,408
wang7777,马超,36,350,398,7.07,399,258,407
wang7777,黄忠,37,350,232,4.12,234,443,241
wang7777,诸葛亮,38,350,295,5.27,298,649,305
wang7777,庞统,39,350,263,4.66,267,812,273
wang7777,周瑜,40,350,284,5.03,287,777,294
wang7777,郭嘉,41,350,362,6.45,368,1356,371
wang7777,韦小宝,44,350,110,1.94,113,713,172
wang7777,马云騄,55,350,245,4.32,248,704,1311
pgh123,零零发,1,300,172,2.60,172,190,184
pgh123,鳌拜,2,300,132,1.99,132,158,150
pgh123,和珅,3,20,9,.01,57,9710,27
pgh123,郑板桥,4,50,8,.02,41,6730,31
pgh123,喜来乐,5,50,8,.02,42,6845,27
pgh123,苏乞儿,6,300,32,.48,126,18883,47
pgh123,李卫,7,100,8,.04,58,10105,26
pgh123,刘伯温,8,300,20,.30,91,14303,38
pgh123,林则徐,9,100,9,.05,51,8533,32
pgh123,方世玉,10,300,5,.08,98,18783,26
pgh123,多尔衮,11,300,5,.08,103,19726,23
pgh123,左宗棠,12,300,5,.08,97,18461,23
pgh123,张之洞,13,300,16,.24,130,22955,61
pgh123,蒲松龄,14,100,9,.05,53,8969,37
pgh123,李鸿章,15,55,8,.02,48,8100,28
pgh123,李寻欢,16,300,23,.35,106,16780,39
pgh123,索尼,17,59,8,.02,35,5472,26
pgh123,胡雪岩,18,50,8,.02,58,10004,23
pgh123,曹雪芹,19,100,8,.04,54,9241,26
pgh123,海大富,20,300,17,.26,94,15472,36
pgh123,华佗,21,100,8,.04,43,7120,33
pgh123,墨子,22,79,8,.03,39,6316,24
pgh123,杜甫,23,300,6,.09,108,20494,28
pgh123,廉颇,24,300,9,.14,67,11601,25
pgh123,庄周,25,52,8,.02,47,7865,23
pgh123,李元芳,26,300,4,.06,94,18042,24
pgh123,鲁班,27,51,8,.02,41,6767,26
pgh123,孙武,28,300,12,.18,109,19549,28
pgh123,张良,29,51,8,.02,39,6390,24
pgh123,姜子牙,30,51,8,.02,34,5270,27
pgh123,关羽,33,350,298,5.30,315,3436,596
pgh123,张飞,34,350,283,5.03,321,7663,294
pgh123,赵云,35,350,261,4.78,304,8630,273
pgh123,马超,36,400,1092,22.39,1123,6309,1170
pgh123,黄忠,37,350,180,3.20,214,6892,194
pgh123,诸葛亮,38,400,343,7.19,344,395,858
pgh123,庞统,39,350,321,5.69,321,79,339
pgh123,周瑜,40,350,330,5.85,330,111,346
pgh123,郭嘉,41,350,458,8.12,461,648,479
pgh123,韦小宝,44,350,107,1.89,109,514,667
pgh123,马云騄,55,400,291,5.87,296,1132,372
pgh123,张星彩,58,350,110,1.94,146,7283,783
pgh1234,零零发,1,300,104,1.57,181,15419,112
pgh1234,鳌拜,2,300,48,.72,163,23019,58
pgh1234,和珅,3,59,4,.01,64,12195,13
pgh1234,郑板桥,4,50,4,.01,56,10560,20
pgh1234,喜来乐,5,50,4,.01,48,8845,18
pgh1234,苏乞儿,6,300,13,.20,102,17919,23
pgh1234,李卫,7,10,4,.00,16,2510,15
pgh1234,刘伯温,8,300,36,.54,85,9873,63
pgh1234,林则徐,9,59,5,.01,60,11010,21
pgh1234,方世玉,10,300,10,.15,78,13780,23
pgh1234,多尔衮,11,300,25,.38,104,15877,36
pgh1234,左宗棠,12,300,10,.15,108,19723,26
pgh1234,张之洞,13,300,14,.21,82,13782,31
pgh1234,蒲松龄,14,100,4,.02,43,7935,29
pgh1234,李鸿章,15,50,4,.01,49,9135,21
pgh1234,李寻欢,16,300,47,.71,120,14743,58
pgh1234,索尼,17,59,4,.01,47,8720,17
pgh1234,胡雪岩,18,59,4,.01,61,11465,19
pgh1234,曹雪芹,19,59,4,.01,44,8190,17
pgh1234,海大富,20,300,16,.24,86,14020,36
pgh1234,华佗,21,80,4,.02,41,7480,25
pgh1234,墨子,22,59,4,.01,30,5300,20
pgh1234,杜甫,23,300,6,.09,98,18410,22
pgh1234,廉颇,24,300,9,.14,59,10000,19
pgh1234,庄周,25,51,4,.01,52,9670,19
pgh1234,李元芳,26,300,4,.06,69,13149,21
pgh1234,鲁班,27,51,4,.01,39,7130,19
pgh1234,孙武,28,300,12,.18,87,15148,22
pgh1234,张良,29,51,4,.01,33,5870,20
pgh1234,姜子牙,30,51,4,.01,38,6865,20
pgh1234,关羽,33,350,310,5.51,312,548,603
pgh1234,张飞,34,350,117,2.08,120,789,128
pgh1234,赵云,35,350,113,2.14,115,480,122
pgh1234,马超,36,400,1048,21.51,1092,8973,1057
pgh1234,黄忠,37,350,77,1.37,80,627,86
pgh1234,诸葛亮,38,350,351,6.41,355,925,748
pgh1234,庞统,39,350,322,5.70,322,186,335
pgh1234,周瑜,40,350,374,6.63,375,245,386
pgh1234,郭嘉,41,350,356,6.32,360,840,371
pgh1234,韦小宝,44,350,80,1.41,81,211,586
pgh1234,马云騄,55,400,369,7.44,369,196,444
pgh1234,张星彩,58,350,153,2.70,187,6971,855
pgh12345,零零发,1,350,126,2.22,151,5065,138
pgh12345,鳌拜,2,300,34,.51,104,14187,48
pgh12345,和珅,3,50,5,.01,33,5650,18
pgh12345,郑板桥,4,50,6,.02,17,2270,23
pgh12345,喜来乐,5,50,6,.02,29,4700,23
pgh12345,苏乞儿,6,300,46,.69,127,16370,59
pgh12345,李卫,7,150,19,.14,57,7638,34
pgh12345,刘伯温,8,300,36,.54,70,6826,52
pgh12345,林则徐,9,10,5,.00,38,6735,24
pgh12345,方世玉,10,300,20,.30,83,12684,36
pgh12345,多尔衮,11,300,10,.15,92,16482,26
pgh12345,左宗棠,12,300,5,.08,68,12621,21
pgh12345,张之洞,13,300,14,.21,74,12006,33
pgh12345,蒲松龄,14,100,5,.03,43,7782,37
pgh12345,李鸿章,15,59,5,.01,54,9855,23
pgh12345,李寻欢,16,300,19,.29,85,13363,31
pgh12345,索尼,17,50,5,.01,31,5385,20
pgh12345,胡雪岩,18,50,5,.01,43,7730,20
pgh12345,曹雪芹,19,50,5,.01,34,5990,20
pgh12345,海大富,20,300,21,.32,81,12081,38
pgh12345,华佗,21,100,5,.03,21,3301,29
pgh12345,墨子,22,50,5,.01,50,9154,21
pgh12345,杜甫,23,300,6,.09,88,16593,23
pgh12345,廉颇,24,300,9,.14,55,9333,20
pgh12345,庄周,25,51,5,.01,43,7650,20
pgh12345,李元芳,26,300,4,.06,44,8078,22
pgh12345,鲁班,27,51,5,.01,29,4950,20
pgh12345,孙武,28,300,78,1.18,131,10784,89
pgh12345,张良,29,51,5,.01,27,4440,21
pgh12345,姜子牙,30,51,5,.01,37,6405,21
pgh12345,关羽,33,350,290,5.15,310,4023,469
pgh12345,张飞,34,350,306,5.44,335,5985,317
pgh12345,赵云,35,350,105,2.01,132,5486,114
pgh12345,马超,36,400,773,15.87,780,1587,784
pgh12345,黄忠,37,350,322,5.72,352,6157,333
pgh12345,诸葛亮,38,350,307,5.62,335,5646,764
pgh12345,庞统,39,350,323,5.72,344,4343,339
pgh12345,周瑜,40,350,313,5.54,344,6347,329
pgh12345,郭嘉,41,350,329,5.85,354,5144,346
pgh12345,韦小宝,44,350,59,1.04,95,7349,602
pgh12345,马云騄,55,400,372,7.50,399,5564,449
pgh12345,张星彩,58,350,305,5.38,342,7462,1038
pgh123456,零零发,1,350,120,2.11,140,4166,132
pgh123456,鳌拜,2,300,40,.60,99,11858,54
pgh123456,和珅,3,51,6,.02,32,5282,19
pgh123456,郑板桥,4,50,7,.02,35,5705,24
pgh123456,喜来乐,5,50,6,.02,29,4642,23
pgh123456,苏乞儿,6,300,67,1.01,104,7478,80
pgh123456,李卫,7,100,6,.03,59,10652,21
pgh123456,刘伯温,8,300,24,.36,79,11055,40
pgh123456,林则徐,9,50,6,.02,24,3605,25
pgh123456,方世玉,10,300,60,.91,78,3728,76
pgh123456,多尔衮,11,300,80,1.21,115,7035,96
pgh123456,左宗棠,12,300,60,.91,92,6531,76
pgh123456,张之洞,13,300,14,.21,65,10283,33
pgh123456,蒲松龄,14,100,8,.04,37,5959,36
pgh123456,李鸿章,15,50,7,.02,44,7475,25
pgh123456,李寻欢,16,300,81,1.22,104,4769,93
pgh123456,索尼,17,50,6,.02,33,5450,21
pgh123456,胡雪岩,18,100,6,.03,37,6360,21
pgh123456,曹雪芹,19,50,6,.02,60,10875,21
pgh123456,海大富,20,300,48,.72,76,5676,61
pgh123456,华佗,21,100,7,.04,32,5059,31
pgh123456,墨子,22,50,6,.02,33,5415,22
pgh123456,杜甫,23,300,26,.39,67,8323,43
pgh123456,廉颇,24,300,46,.69,58,2432,57
pgh123456,庄周,25,51,6,.02,41,7090,21
pgh123456,李元芳,26,300,76,1.15,89,2741,94
pgh123456,鲁班,27,51,6,.02,41,7182,21
pgh123456,孙武,28,350,336,5.92,372,7217,347
pgh123456,张良,29,51,6,.02,25,3870,22
pgh123456,姜子牙,30,51,6,.02,35,5970,22
pgh123456,关羽,33,350,158,2.81,172,2994,485
pgh123456,张飞,34,350,173,3.07,200,5542,184
pgh123456,赵云,35,350,167,3.09,196,5950,176
pgh123456,马超,36,400,973,19.97,978,1006,1040
pgh123456,黄忠,37,350,173,3.07,201,5689,184
pgh123456,诸葛亮,38,350,187,3.34,247,12013,208
pgh123456,庞统,39,350,181,3.21,214,6661,197
pgh123456,周瑜,40,350,204,3.61,227,4746,220
pgh123456,郭嘉,41,350,476,8.58,504,5727,933
pgh123456,韦小宝,44,350,53,.93,80,5591,593
pgh123456,关银屏,51,350,504,8.88,555,10329,1178
pgh123456,马云騄,55,400,60,1.21,88,5727,781
pgh1234567,零零发,1,300,222,3.35,224,482,228
pgh1234567,鳌拜,2,300,96,1.45,117,4286,104
pgh1234567,和珅,3,50,3,.01,45,8415,12
pgh1234567,郑板桥,4,50,3,.01,32,5975,14
pgh1234567,喜来乐,5,50,4,.01,49,9172,15
pgh1234567,苏乞儿,6,300,80,1.21,107,5505,87
pgh1234567,李卫,7,51,3,.01,41,7610,14
pgh1234567,刘伯温,8,300,48,.72,84,7200,60
pgh1234567,林则徐,9,50,3,.01,39,7335,16
pgh1234567,方世玉,10,300,55,.83,66,2357,65
pgh1234567,多尔衮,11,300,55,.83,78,4696,65
pgh1234567,左宗棠,12,300,70,1.06,86,3238,80
pgh1234567,张之洞,13,300,48,.72,57,1807,63
pgh1234567,蒲松龄,14,59,4,.01,47,8650,18
pgh1234567,李鸿章,15,59,3,.01,47,8985,17
pgh1234567,李寻欢,16,300,55,.83,96,8377,63
pgh1234567,索尼,17,50,4,.01,20,3222,17
pgh1234567,胡雪岩,18,50,3,.01,40,7480,16
pgh1234567,曹雪芹,19,50,5,.01,47,8525,18
pgh1234567,海大富,20,300,46,.69,59,2652,55
pgh1234567,华佗,21,50,3,.01,32,5860,17
pgh1234567,墨子,22,50,3,.01,43,8060,17
pgh1234567,杜甫,23,300,66,1.00,105,7996,79
pgh1234567,廉颇,24,300,69,1.04,89,4098,78
pgh1234567,庄周,25,51,3,.01,46,8792,18
pgh1234567,李元芳,26,300,40,.60,59,3949,54
pgh1234567,鲁班,27,51,3,.01,24,4370,18
pgh1234567,孙武,28,300,126,1.90,154,5672,135
pgh1234567,张良,29,51,3,.01,45,8410,19
pgh1234567,姜子牙,30,1,3,.00,9,1390,19
pgh1234567,关羽,33,350,194,3.45,196,598,203
pgh1234567,张飞,34,350,105,1.87,107,451,114
pgh1234567,赵云,35,350,101,1.91,104,763,110
pgh1234567,马超,36,400,712,14.62,717,1080,721
pgh1234567,黄忠,37,350,97,1.72,99,516,106
pgh1234567,诸葛亮,38,350,334,6.01,338,888,346
pgh1234567,庞统,39,350,343,6.08,346,653,355
pgh1234567,周瑜,40,350,323,5.72,325,571,333
pgh1234567,郭嘉,41,350,356,6.43,357,376,687
pgh1234567,韦小宝,44,350,143,2.52,144,316,587
pgh1234567,关银屏,51,350,504,8.88,509,1063,526
pgh1234567,马云騄,55,400,96,1.94,100,978,164
pgh1234567,王异,65,1,148,.01,209,12215,428
pgh12345678,零零发,1,350,172,3.03,190,3784,184
pgh12345678,鳌拜,2,300,94,1.42,118,4949,110
pgh12345678,和珅,3,50,10,.03,23,2610,43
pgh12345678,郑板桥,4,50,18,.05,48,6170,35
pgh12345678,喜来乐,5,50,7,.02,29,4575,35
pgh12345678,苏乞儿,6,350,88,1.55,107,3885,102
pgh12345678,李卫,7,50,7,.02,38,6360,22
pgh12345678,刘伯温,8,300,56,.85,95,7936,72
pgh12345678,林则徐,9,50,10,.03,30,4050,41
pgh12345678,方世玉,10,350,60,1.06,64,937,79
pgh12345678,多尔衮,11,300,30,.45,115,17174,50
pgh12345678,左宗棠,12,300,10,.15,81,14344,31
pgh12345678,张之洞,13,300,12,.18,75,12727,40
pgh12345678,蒲松龄,14,70,9,.03,26,3403,42
pgh12345678,李鸿章,15,51,9,.02,31,4535,33
pgh12345678,李寻欢,16,300,27,.41,85,11753,41
pgh12345678,索尼,17,70,6,.02,34,5638,36
pgh12345678,胡雪岩,18,50,10,.03,29,3800,35
pgh12345678,曹雪芹,19,50,6,.02,37,6280,26
pgh12345678,海大富,20,300,22,.33,70,9609,36
pgh12345678,华佗,21,90,7,.03,29,4415,33
pgh12345678,墨子,22,50,9,.02,28,3850,40
pgh12345678,杜甫,23,350,58,1.02,81,4765,78
pgh12345678,廉颇,24,300,21,.32,66,9044,33
pgh12345678,庄周,25,52,9,.02,32,4765,34
pgh12345678,李元芳,26,300,12,.18,66,10813,30
pgh12345678,鲁班,27,51,6,.02,34,5730,21
pgh12345678,孙武,28,350,48,.85,72,4817,60
pgh12345678,张良,29,51,6,.02,26,4061,22
pgh12345678,姜子牙,30,1,6,.00,16,2025,22
pgh12345678,关羽,33,350,222,3.95,223,302,233
pgh12345678,张飞,34,350,106,1.88,108,413,117
pgh12345678,赵云,35,350,167,3.12,168,390,176
pgh12345678,马超,36,350,300,5.37,303,762,353
pgh12345678,黄忠,37,350,89,1.58,92,671,100
pgh12345678,诸葛亮,38,350,221,3.98,225,876,295
pgh12345678,庞统,39,350,216,3.83,217,397,233
pgh12345678,周瑜,40,350,181,3.21,185,865,197
pgh12345678,郭嘉,41,350,266,4.83,268,528,594
pgh12345678,韦小宝,44,350,131,2.31,151,4147,679
pgh12345678,关银屏,51,400,1308,26.44,1359,10288,2142
pgh12345678,马云騄,55,400,185,3.73,187,558,258
pgh123456789,零零发,1,300,192,2.90,193,277,198
pgh123456789,鳌拜,2,300,90,1.36,91,226,97
pgh123456789,和珅,3,50,3,.01,8,1155,12
pgh123456789,郑板桥,4,50,6,.02,10,970,16
pgh123456789,喜来乐,5,50,3,.01,22,3962,13
pgh123456789,苏乞儿,6,300,76,1.15,78,591,82
pgh123456789,李卫,7,50,3,.01,11,1712,14
pgh123456789,刘伯温,8,300,64,.97,72,1710,75
pgh123456789,林则徐,9,50,3,.01,13,2175,15
pgh123456789,方世玉,10,300,65,.98,65,165,74
pgh123456789,多尔衮,11,300,5,.08,69,12900,15
pgh123456789,左宗棠,12,300,15,.23,65,10185,24
pgh123456789,张之洞,13,300,12,.18,52,8047,26
pgh123456789,蒲松龄,14,100,3,.02,14,2389,20
pgh123456789,李鸿章,15,50,3,.01,16,2730,16
pgh123456789,李寻欢,16,300,26,.39,63,7449,33
pgh123456789,索尼,17,60,3,.01,13,2127,16
pgh123456789,胡雪岩,18,50,3,.01,12,1995,16
pgh123456789,曹雪芹,19,50,3,.01,24,4214,16
pgh123456789,海大富,20,300,24,.36,50,5302,32
pgh123456789,华佗,21,100,3,.02,10,1569,17
pgh123456789,墨子,22,70,3,.01,9,1250,17
pgh123456789,杜甫,23,300,94,1.42,113,3821,108
pgh123456789,廉颇,24,300,9,.14,77,13664,17
pgh123456789,庄周,25,52,3,.01,22,3970,18
pgh123456789,李元芳,26,300,4,.06,31,5458,17
pgh123456789,鲁班,27,51,3,.01,6,645,18
pgh123456789,孙武,28,350,154,2.71,178,4979,162
pgh123456789,张良,29,51,3,.01,4,250,19
pgh123456789,姜子牙,30,51,3,.01,3,154,19
pgh123456789,关羽,33,350,210,3.76,213,753,507
pgh123456789,张飞,34,350,72,1.28,74,531,81
pgh123456789,赵云,35,350,73,1.43,73,147,82
pgh123456789,马超,36,350,185,3.29,188,619,236
pgh123456789,黄忠,37,350,65,1.16,68,701,74
pgh123456789,诸葛亮,38,350,175,3.21,176,209,191
pgh123456789,庞统,39,350,66,1.17,67,236,78
pgh123456789,周瑜,40,350,66,1.17,70,878,76
pgh123456789,郭嘉,41,400,665,13.72,670,1150,1153
pgh123456789,韦小宝,44,350,53,.93,55,447,511
pgh123456789,关银屏,51,400,1244,25.10,1257,2614,2033
pgh123456789,马云騄,55,400,195,3.93,197,580,261
