pby123,1,2,3,4,5,6,7,8,9,10,11,12,13,14,15,16,17,18,19,20,21,22,23,24,25,26,28,29,30,33,34,35,36,37,38,39,40,41,44,55
pby1234,1,2,3,4,5,6,7,8,9,10,11,12,13,14,15,16,17,18,19,20,21,22,23,24,25,26,28,29,30,33,34,35,36,37,38,39,40,41,44,55
pby12345,1,2,3,4,5,6,7,8,9,10,11,12,13,14,15,16,17,18,19,20,21,22,23,24,25,26,28,29,30,33,34,35,36,37,38,39,40,41,44,55
pby123456,1,2,3,4,5,6,7,8,9,10,11,12,13,14,15,16,17,18,20,21,22,23,24,25,26,28,29,30,33,34,35,36,37,38,39,40,41,44,55
pby1234567,1,2,3,4,5,6,7,8,9,10,11,12,13,14,15,16,17,20,21,22,23,24,25,26,28,29,33,34,35,36,37,38,39,40,41,44,55
pby12345678,1,2,3,4,5,6,7,8,9,10,11,12,13,14,15,16,20,21,22,23,24,25,26,28,29,33,34,35,36,37,38,39,40,41,44,55
pby123456789,1,2,3,4,5,6,7,8,9,10,11,12,13,14,15,16,17,18,19,20,21,22,23,24,25,26,28,29,33,34,35,36,37,38,39,40,41,44,55
1358177 yubei,1,2,3,4,5,6,7,8,9,10,11,12,13,14,15,16,17,18,19,20,21,22,23,24,25,26,28,29,30,33,34,35,36,37,38,39,40,41,44,55
1770994 yubeiyi,1,2,3,4,5,6,7,8,9,10,11,12,13,14,15,16,17,18,19,20,21,22,23,24,25,26,28,29,30,33,34,35,36,37,38,39,40,41,44,55
1861216 jia,31,17,19,22,7,21,11,55,5,25,15,14,23,10,40,6,58,33,38,41,65,36,35,34,2,44,4,39,9,16,37,1,20,13,12,28,8,26,24
12160829 yi,31,12,4,22,19,18,21,8,7,25,5,9,17,37,6,44,38,36,51,33,41,40,2,16,20,35,23,1,34,39,24,15,13,11,26,55,10,28,14
134886 bing,31,9,4,11,59,22,3,5,18,25,15,7,10,34,6,33,41,55,38,36,44,35,20,2,16,40,1,8,58,37,28,23,39,24,14,12,13,26,21,19,17
88699777 ding,31,4,30,26,19,15,18,7,21,22,17,25,12,11,24,44,41,38,36,51,33,6,2,16,40,35,39,1,8,20,34,10,28,13,23,55,14,37,9
pby123,1,2,3,4,5,6,7,8,9,10,11,12,13,14,15,16,17,18,19,20,21,22,23,24,25,26,28,29,30,33,34,35,36,37,38,39,40,41,44,55
pby1234,1,2,3,4,5,6,7,8,9,10,11,12,13,14,15,16,17,18,19,20,21,22,23,24,25,26,28,29,30,33,34,35,36,37,38,39,40,41,44,55
pby12345,1,2,3,4,5,6,7,8,9,10,11,12,13,14,15,16,17,18,19,20,21,22,23,24,25,26,28,29,30,33,34,35,36,37,38,39,40,41,44,55
pby123456,1,2,3,4,5,6,7,8,9,10,11,12,13,14,15,16,17,18,20,21,22,23,24,25,26,28,29,30,33,34,35,36,37,38,39,40,41,44,55
pby1234567,1,2,3,4,5,6,7,8,9,10,11,12,13,14,15,16,17,20,21,22,23,24,25,26,28,29,33,34,35,36,37,38,39,40,41,44,55
pby12345678,1,2,3,4,5,6,7,8,9,10,11,12,13,14,15,16,20,21,22,23,24,25,26,28,29,33,34,35,36,37,38,39,40,41,44,55
pby123456789,1,2,3,4,5,6,7,8,9,10,11,12,13,14,15,16,17,18,19,20,21,22,23,24,25,26,28,29,33,34,35,36,37,38,39,40,41,44,55
1358177 yubei,1,2,3,4,5,6,7,8,9,10,11,12,13,14,15,16,17,18,19,20,21,22,23,24,25,26,28,29,30,33,34,35,36,37,38,39,40,41,44,55
1770994 yubeiyi,1,2,3,4,5,6,7,8,9,10,11,12,13,14,15,16,17,18,19,20,21,22,23,24,25,26,28,29,30,33,34,35,36,37,38,39,40,41,44,55
1861216 jia,31,17,19,22,7,21,11,55,5,25,15,14,23,10,40,6,58,33,38,41,65,36,35,34,2,44,4,39,9,16,37,1,20,13,12,28,8,26,24
12160829 yi,31,12,4,22,19,18,21,8,7,25,5,9,17,37,6,44,38,36,51,33,41,40,2,16,20,35,23,1,34,39,24,15,13,11,26,55,10,28,14
134886 bing,31,9,4,11,59,22,3,5,18,25,15,7,10,34,6,33,41,55,38,36,44,35,20,2,16,40,1,8,58,37,28,23,39,24,14,12,13,26,21,19,17
88699777 ding,31,4,30,26,19,15,18,7,21,22,17,25,12,11,24,44,41,38,36,51,33,6,2,16,40,35,39,1,8,20,34,10,28,13,23,55,14,37,9
