pby123,零零发,1,300,80,1.21,117,7550,88
pby123,鳌拜,2,300,50,.75,78,5772,60
pby123,和珅,3,50,5,.01,25,4095,14
pby123,郑板桥,4,50,5,.01,36,6340,18
pby123,喜来乐,5,50,4,.01,34,6155,18
pby123,苏乞儿,6,300,76,1.15,78,528,86
pby123,李卫,7,50,4,.01,29,5055,15
pby123,刘伯温,8,300,54,.81,98,8824,68
pby123,林则徐,9,59,5,.01,37,6465,20
pby123,方世玉,10,300,75,1.13,77,501,88
pby123,多尔衮,11,300,60,.91,63,719,71
pby123,左宗棠,12,300,70,1.06,71,257,83
pby123,张之洞,13,300,12,.18,74,12593,28
pby123,蒲松龄,14,50,4,.01,31,5545,18
pby123,李鸿章,15,50,4,.01,40,7210,21
pby123,李寻欢,16,300,49,.74,54,1002,60
pby123,索尼,17,51,4,.01,39,7005,17
pby123,胡雪岩,18,1,4,.00,4,160,19
pby123,曹雪芹,19,51,4,.01,34,6186,17
pby123,海大富,20,300,8,.12,51,8790,20
pby123,华佗,21,50,4,.01,38,6935,18
pby123,墨子,22,51,4,.01,22,3710,20
pby123,杜甫,23,300,4,.06,75,14366,20
pby123,廉颇,24,300,9,.14,53,8917,19
pby123,庄周,25,51,4,.01,51,9410,19
pby123,李元芳,26,300,4,.06,47,8690,20
pby123,鲁班,27,51,4,.01,18,2970,19
pby123,孙武,28,300,52,.78,53,287,62
pby123,张良,29,51,4,.01,31,5440,20
pby123,姜子牙,30,1,4,.00,35,6245,20
pby123,关羽,33,350,184,3.27,186,410,193
pby123,张飞,34,350,71,1.26,74,748,82
pby123,赵云,35,350,83,1.57,83,151,92
pby123,马超,36,350,204,3.63,205,395,225
pby123,黄忠,37,350,63,1.12,65,541,72
pby123,诸葛亮,38,350,250,4.45,250,124,269
pby123,庞统,39,350,88,1.56,91,755,101
pby123,周瑜,40,350,78,1.38,79,335,90
pby123,郭嘉,41,400,819,16.87,823,835,1185
pby123,韦小宝,44,350,69,1.22,69,106,513
pby123,关银屏,51,400,676,13.63,676,46,1559
pby123,马云騄,55,400,193,3.89,193,95,263
pby1234,零零发,1,300,58,.88,111,10738,64
pby1234,鳌拜,2,300,32,.48,91,11926,38
pby1234,和珅,3,50,4,.01,36,6465,13
pby1234,郑板桥,4,50,4,.01,33,5820,14
pby1234,喜来乐,5,50,3,.01,36,6755,13
pby1234,苏乞儿,6,300,87,1.31,89,565,93
pby1234,李卫,7,50,4,.01,36,6560,15
pby1234,刘伯温,8,300,42,.63,72,6034,53
pby1234,林则徐,9,50,3,.01,39,7220,15
pby1234,方世玉,10,300,80,1.21,82,499,89
pby1234,多尔衮,11,300,65,.98,68,775,74
pby1234,左宗棠,12,300,50,.75,51,394,59
pby1234,张之洞,13,300,12,.18,82,14147,25
pby1234,蒲松龄,14,60,3,.01,39,7352,16
pby1234,李鸿章,15,60,3,.01,26,4700,16
pby1234,李寻欢,16,300,53,.80,55,472,60
pby1234,索尼,17,51,3,.01,40,7510,16
pby1234,胡雪岩,18,51,3,.01,40,7470,16
pby1234,曹雪芹,19,51,3,.01,37,6975,16
pby1234,海大富,20,300,8,.12,62,10849,16
pby1234,华佗,21,50,3,.01,35,6570,17
pby1234,墨子,22,50,3,.01,51,9600,17
pby1234,杜甫,23,300,4,.06,84,16120,71
pby1234,廉颇,24,300,9,.14,46,7466,17
pby1234,庄周,25,51,3,.01,35,6440,18
pby1234,李元芳,26,300,4,.06,45,8279,17
pby1234,鲁班,27,51,3,.01,25,4530,18
pby1234,孙武,28,300,10,.15,44,6825,18
pby1234,张良,29,51,3,.01,43,8015,19
pby1234,姜子牙,30,1,3,.00,14,2275,19
pby1234,关羽,33,350,112,1.99,114,503,121
pby1234,张飞,34,350,83,1.47,85,484,92
pby1234,赵云,35,350,79,1.51,83,801,88
pby1234,马超,36,350,91,1.62,94,612,100
pby1234,黄忠,37,350,71,1.26,72,285,80
pby1234,诸葛亮,38,400,674,13.90,714,8059,1027
pby1234,庞统,39,350,63,1.12,63,61,74
pby1234,周瑜,40,350,248,4.39,249,205,258
pby1234,郭嘉,41,350,321,5.69,322,280,332
pby1234,韦小宝,44,350,129,2.27,130,201,479
pby1234,关银屏,51,400,722,14.62,758,7318,1007
pby1234,马云騄,55,400,203,4.09,207,951,265
pby12345,零零发,1,300,184,2.78,184,186,190
pby12345,鳌拜,2,300,98,1.48,99,366,106
pby12345,和珅,3,50,4,.01,46,8520,13
pby12345,郑板桥,4,50,6,.02,31,5055,17
pby12345,喜来乐,5,50,14,.04,42,5710,25
pby12345,苏乞儿,6,300,76,1.15,77,328,83
pby12345,李卫,7,50,30,.08,56,5227,41
pby12345,刘伯温,8,300,46,.69,76,6027,58
pby12345,林则徐,9,50,4,.01,15,2305,17
pby12345,方世玉,10,300,55,.83,56,250,65
pby12345,多尔衮,11,300,15,.23,54,7803,25
pby12345,左宗棠,12,300,10,.15,57,9566,20
pby12345,张之洞,13,300,10,.15,62,10426,25
pby12345,蒲松龄,14,50,3,.01,27,4965,17
pby12345,李鸿章,15,50,3,.01,39,7220,17
pby12345,李寻欢,16,300,8,.12,54,9335,16
pby12345,索尼,17,51,3,.01,28,5135,16
pby12345,胡雪岩,18,51,3,.01,53,10020,16
pby12345,曹雪芹,19,51,3,.01,20,3450,16
pby12345,海大富,20,300,14,.21,55,8223,23
pby12345,华佗,21,50,3,.01,33,6135,17
pby12345,墨子,22,50,3,.01,37,6905,17
pby12345,杜甫,23,300,60,.91,63,795,73
pby12345,廉颇,24,300,132,1.99,138,1338,141
pby12345,庄周,25,100,3,.02,30,5453,18
pby12345,李元芳,26,300,4,.06,66,12547,18
pby12345,鲁班,27,51,3,.01,32,5900,18
pby12345,孙武,28,300,40,.60,40,127,49
pby12345,张良,29,51,3,.01,35,6592,19
pby12345,姜子牙,30,1,3,.00,3,0,19
pby12345,关羽,33,350,320,5.69,322,489,329
pby12345,张飞,34,350,299,5.31,300,367,308
pby12345,赵云,35,350,322,5.84,324,575,331
pby12345,马超,36,350,326,5.79,326,121,335
pby12345,黄忠,37,350,319,5.67,320,302,328
pby12345,诸葛亮,38,350,311,5.53,315,974,328
pby12345,庞统,39,350,318,5.63,321,753,330
pby12345,周瑜,40,350,303,5.37,303,53,313
pby12345,郭嘉,41,400,702,14.50,706,943,1062
pby12345,韦小宝,44,350,135,2.38,137,525,478
pby12345,关银屏,51,350,274,4.83,278,878,296
pby12345,马云騄,55,400,313,6.31,313,143,382
pby123456,零零发,1,300,192,2.90,193,246,198
pby123456,鳌拜,2,300,96,1.45,97,359,103
pby123456,和珅,3,50,3,.01,43,8100,12
pby123456,郑板桥,4,54,5,.01,26,4375,15
pby123456,喜来乐,5,50,3,.01,30,5540,13
pby123456,苏乞儿,6,300,62,.94,77,3109,68
pby123456,李卫,7,50,4,.01,26,4435,15
pby123456,刘伯温,8,300,18,.27,89,14294,29
pby123456,林则徐,9,50,3,.01,33,6025,15
pby123456,方世玉,10,300,60,.91,74,2962,69
pby123456,多尔衮,11,300,80,1.21,111,6369,90
pby123456,左宗棠,12,300,65,.98,77,2583,74
pby123456,张之洞,13,300,10,.15,91,16221,24
pby123456,蒲松龄,14,50,3,.01,43,8095,16
pby123456,李鸿章,15,55,3,.01,33,6050,16
pby123456,李寻欢,16,300,54,.81,67,2657,61
pby123456,索尼,17,51,3,.01,25,4580,16
pby123456,胡雪岩,18,51,3,.01,36,6750,16
pby123456,海大富,20,300,8,.12,72,12906,16
pby123456,华佗,21,51,3,.01,31,5660,17
pby123456,墨子,22,54,3,.01,31,5700,17
pby123456,杜甫,23,300,64,.97,66,549,76
pby123456,廉颇,24,300,9,.14,68,11913,17
pby123456,庄周,25,51,3,.01,38,7135,18
pby123456,李元芳,26,300,4,.06,78,14997,17
pby123456,鲁班,27,51,3,.01,19,3245,18
pby123456,孙武,28,300,76,1.15,97,4338,84
pby123456,张良,29,51,3,.01,17,2820,19
pby123456,姜子牙,30,1,3,.00,25,4585,19
pby123456,关羽,33,350,132,2.35,140,1696,141
pby123456,张飞,34,350,127,2.26,128,247,392
pby123456,赵云,35,350,59,1.14,72,2674,68
pby123456,马超,36,350,90,1.60,100,2142,99
pby123456,黄忠,37,350,83,1.47,96,2663,92
pby123456,诸葛亮,38,400,741,15.24,771,6083,1017
pby123456,庞统,39,350,183,3.24,198,3147,195
pby123456,周瑜,40,350,198,3.51,217,3850,208
pby123456,郭嘉,41,350,444,7.89,449,1055,456
pby123456,韦小宝,44,350,150,2.64,151,346,476
pby123456,关银屏,51,350,386,6.81,389,611,407
pby123456,马云騄,55,400,368,7.42,381,2615,435
pby1234567,零零发,1,300,108,1.63,111,704,114
pby1234567,鳌拜,2,300,82,1.24,85,679,90
pby1234567,和珅,3,50,3,.01,39,7275,12
pby1234567,郑板桥,4,50,3,.01,41,7600,13
pby1234567,喜来乐,5,50,3,.01,24,4260,14
pby1234567,苏乞儿,6,300,146,2.20,156,2098,153
pby1234567,李卫,7,50,3,.01,33,6005,14
pby1234567,刘伯温,8,300,88,1.33,90,559,99
pby1234567,林则徐,9,50,3,.01,22,3920,15
pby1234567,方世玉,10,350,180,3.17,190,2046,190
pby1234567,多尔衮,11,300,55,.83,69,2969,65
pby1234567,左宗棠,12,300,75,1.13,88,2778,85
pby1234567,张之洞,13,300,64,.97,67,700,78
pby1234567,蒲松龄,14,51,3,.01,46,8685,16
pby1234567,李鸿章,15,51,5,.01,49,8805,19
pby1234567,李寻欢,16,300,61,.92,73,2591,69
pby1234567,索尼,17,51,3,.01,28,5065,16
pby1234567,海大富,20,300,58,.88,70,2586,67
pby1234567,华佗,21,53,3,.01,17,2815,17
pby1234567,墨子,22,51,3,.01,33,6135,17
pby1234567,杜甫,23,300,84,1.27,89,1108,97
pby1234567,廉颇,24,300,48,.72,50,524,57
pby1234567,庄周,25,51,3,.01,43,8150,18
pby1234567,李元芳,26,300,56,.85,60,999,69
pby1234567,鲁班,27,51,3,.01,38,7010,18
pby1234567,孙武,28,300,90,1.36,95,1188,99
pby1234567,张良,29,51,3,.01,29,5325,19
pby1234567,关羽,33,350,304,5.40,315,2254,313
pby1234567,张飞,34,350,312,5.54,323,2205,321
pby1234567,赵云,35,350,314,5.71,325,2350,323
pby1234567,马超,36,350,302,5.37,312,2161,311
pby1234567,黄忠,37,350,302,5.37,314,2556,311
pby1234567,诸葛亮,38,350,355,6.35,360,1025,366
pby1234567,庞统,39,350,254,4.50,259,1086,266
pby1234567,周瑜,40,350,291,5.16,295,987,301
pby1234567,郭嘉,41,400,498,10.22,519,4205,796
pby1234567,韦小宝,44,350,42,.74,53,2365,371
pby1234567,马云騄,55,400,393,7.92,402,1867,615
pby12345678,零零发,1,300,78,1.18,98,4067,84
pby12345678,鳌拜,2,300,32,.48,74,8538,40
pby12345678,和珅,3,50,3,.01,16,2695,12
pby12345678,郑板桥,4,50,3,.01,37,6850,13
pby12345678,喜来乐,5,50,3,.01,20,3589,14
pby12345678,苏乞儿,6,300,9,.14,59,10153,16
pby12345678,李卫,7,50,3,.01,34,6235,14
pby12345678,刘伯温,8,300,14,.21,63,9989,25
pby12345678,林则徐,9,50,3,.01,30,5480,15
pby12345678,方世玉,10,300,5,.08,68,12663,15
pby12345678,多尔衮,11,300,5,.08,65,12015,15
pby12345678,左宗棠,12,300,5,.08,63,11666,15
pby12345678,张之洞,13,300,8,.12,56,9756,22
pby12345678,蒲松龄,14,50,3,.01,31,5755,16
pby12345678,李鸿章,15,50,3,.01,19,3395,17
pby12345678,李寻欢,16,300,8,.12,48,8045,16
pby12345678,海大富,20,300,11,.17,75,12881,20
pby12345678,华佗,21,50,3,.01,26,4755,17
pby12345678,墨子,22,55,3,.01,21,3690,17
pby12345678,杜甫,23,300,4,.06,69,13072,17
pby12345678,廉颇,24,300,9,.14,34,5105,18
pby12345678,庄周,25,51,3,.01,38,7065,18
pby12345678,李元芳,26,300,4,.06,74,14113,17
pby12345678,鲁班,27,51,3,.01,15,2550,18
pby12345678,孙武,28,350,208,3.67,253,9062,217
pby12345678,张良,29,51,3,.01,16,2655,19
pby12345678,关羽,33,350,232,4.12,240,1662,241
pby12345678,张飞,34,350,324,5.76,335,2285,333
pby12345678,赵云,35,350,296,5.37,311,3010,305
pby12345678,马超,36,350,304,5.40,311,1458,313
pby12345678,黄忠,37,350,287,5.10,292,1076,296
pby12345678,诸葛亮,38,350,244,4.44,252,1798,255
pby12345678,庞统,39,350,180,3.19,191,2295,192
pby12345678,周瑜,40,350,148,2.62,150,571,158
pby12345678,郭嘉,41,350,363,6.45,432,13804,375
pby12345678,韦小宝,44,300,6,.09,60,10920,41
pby12345678,马云騄,55,400,229,4.62,238,1848,717
pby12345678,祝融,68,400,376,7.58,387,2293,392
pby123456789,零零发,1,300,116,1.75,117,277,122
pby123456789,鳌拜,2,300,88,1.33,90,411,96
pby123456789,和珅,3,50,3,.01,25,4535,12
pby123456789,郑板桥,4,50,5,.01,44,7865,16
pby123456789,喜来乐,5,61,7,.02,22,3149,18
pby123456789,苏乞儿,6,300,50,.75,57,1556,57
pby123456789,李卫,7,51,4,.01,27,4725,15
pby123456789,刘伯温,8,300,20,.30,63,8796,32
pby123456789,林则徐,9,100,3,.02,22,3872,16
pby123456789,方世玉,10,300,70,1.06,77,1477,80
pby123456789,多尔衮,11,300,50,.75,54,978,60
pby123456789,左宗棠,12,300,30,.45,35,1110,40
pby123456789,张之洞,13,300,12,.18,63,10335,27
pby123456789,蒲松龄,14,51,3,.01,30,5545,17
pby123456789,李鸿章,15,51,3,.01,37,6840,17
pby123456789,李寻欢,16,300,38,.57,43,1133,46
pby123456789,索尼,17,51,3,.01,44,8280,16
pby123456789,胡雪岩,18,51,3,.01,18,3090,16
pby123456789,曹雪芹,19,51,3,.01,36,6680,16
pby123456789,海大富,20,300,14,.21,35,4324,23
pby123456789,华佗,21,50,3,.01,50,9545,17
pby123456789,墨子,22,52,3,.01,22,3905,17
pby123456789,杜甫,23,300,4,.06,47,8629,17
pby123456789,廉颇,24,300,9,.14,35,5253,18
pby123456789,庄周,25,51,3,.01,23,4075,18
pby123456789,李元芳,26,300,4,.06,25,4244,18
pby123456789,鲁班,27,51,3,.01,20,3450,18
pby123456789,孙武,28,350,10,.18,34,4946,19
pby123456789,张良,29,51,3,.01,10,1510,19
pby123456789,关羽,33,350,220,3.91,234,2965,229
pby123456789,张飞,34,350,271,4.82,283,2519,280
pby123456789,赵云,35,350,263,4.78,275,2573,272
pby123456789,马超,36,350,248,4.41,261,2664,257
pby123456789,黄忠,37,350,269,4.78,281,2401,278
pby123456789,诸葛亮,38,350,310,5.53,326,3230,327
pby123456789,庞统,39,350,273,4.84,279,1263,285
pby123456789,周瑜,40,350,298,5.28,305,1437,308
pby123456789,郭嘉,41,350,213,3.83,228,3096,226
pby123456789,韦小宝,44,300,3,.05,63,12151,34
pby123456789,关银屏,51,400,988,19.93,1018,6130,1382
pby123456789,马云騄,55,350,58,1.02,76,3625,92
pby123456789,张春华,66,350,130,2.29,144,2921,735
pby123456789,祝融,68,350,578,10.19,611,6666,1260
1358177 yubei,零零发,1,300,64,.97,120,11261,76
1358177 yubei,鳌拜,2,300,78,1.18,110,6445,106
1358177 yubei,和珅,3,150,52,.39,57,1042,67
1358177 yubei,郑板桥,4,59,15,.04,16,275,39
1358177 yubei,喜来乐,5,150,40,.30,48,1628,76
1358177 yubei,苏乞儿,6,300,105,1.58,140,7084,125
1358177 yubei,李卫,7,150,37,.28,41,902,64
1358177 yubei,刘伯温,8,300,14,.21,52,7714,45
1358177 yubei,林则徐,9,59,20,.06,24,931,53
1358177 yubei,方世玉,10,300,55,.83,72,3441,81
1358177 yubei,多尔衮,11,300,30,.45,75,9136,56
1358177 yubei,左宗棠,12,300,20,.30,67,9480,61
1358177 yubei,张之洞,13,300,36,.54,69,6750,79
1358177 yubei,蒲松龄,14,200,54,.54,67,2763,91
1358177 yubei,李鸿章,15,59,48,.14,52,845,73
1358177 yubei,李寻欢,16,300,36,.54,65,5943,58
1358177 yubei,索尼,17,59,30,.09,34,802,56
1358177 yubei,胡雪岩,18,59,14,.04,15,390,35
1358177 yubei,曹雪芹,19,150,33,.25,41,1662,69
1358177 yubei,海大富,20,300,80,1.21,93,2617,140
1358177 yubei,华佗,21,100,24,.12,29,1139,48
1358177 yubei,墨子,22,150,44,.33,49,1141,65
1358177 yubei,杜甫,23,300,20,.30,67,9456,55
1358177 yubei,廉颇,24,300,35,.53,60,5164,59
1358177 yubei,庄周,25,59,28,.08,34,1284,53
1358177 yubei,李元芳,26,300,52,.78,95,8798,77
1358177 yubei,鲁班,27,59,21,.06,27,1345,47
1358177 yubei,孙武,28,300,32,.48,47,3027,56
1358177 yubei,张良,29,100,13,.07,13,95,39
1358177 yubei,姜子牙,30,59,15,.04,17,438,37
1358177 yubei,关羽,33,400,224,4.57,233,1877,566
1358177 yubei,张飞,34,300,50,.76,67,3450,64
1358177 yubei,赵云,35,300,59,.99,75,3216,77
1358177 yubei,马超,36,400,1916,39.66,1940,4815,1954
1358177 yubei,黄忠,37,300,42,.64,65,4752,56
1358177 yubei,诸葛亮,38,400,455,9.45,468,2799,1453
1358177 yubei,庞统,39,300,71,1.08,86,3058,97
1358177 yubei,周瑜,40,300,65,.99,79,2860,81
1358177 yubei,郭嘉,41,350,216,3.84,237,4201,250
1358177 yubei,韦小宝,44,400,111,2.24,126,3194,1170
1358177 yubei,关银屏,51,400,1002,20.39,1012,2091,1762
1358177 yubei,马云騄,55,400,41,.83,63,4512,134
1770994 yubeiyi,零零发,1,300,102,1.54,137,7028,114
1770994 yubeiyi,鳌拜,2,300,50,.75,120,14052,72
1770994 yubeiyi,和珅,3,59,32,.09,58,5254,45
1770994 yubeiyi,郑板桥,4,59,39,.12,64,5146,60
1770994 yubeiyi,喜来乐,5,59,28,.08,48,4158,51
1770994 yubeiyi,苏乞儿,6,300,85,1.28,101,3247,102
1770994 yubeiyi,李卫,7,150,23,.17,53,6105,52
1770994 yubeiyi,刘伯温,8,300,50,.75,108,11750,74
1770994 yubeiyi,林则徐,9,59,20,.06,48,5780,46
1770994 yubeiyi,方世玉,10,300,20,.30,91,14312,43
1770994 yubeiyi,多尔衮,11,300,25,.38,72,9416,50
1770994 yubeiyi,左宗棠,12,300,70,1.06,75,1111,90
1770994 yubeiyi,张之洞,13,300,44,.66,91,9592,74
1770994 yubeiyi,蒲松龄,14,100,32,.16,71,7948,60
1770994 yubeiyi,李鸿章,15,59,19,.06,50,6350,49
1770994 yubeiyi,李寻欢,16,300,99,1.49,100,239,115
1770994 yubeiyi,索尼,17,150,26,.20,56,6194,55
1770994 yubeiyi,胡雪岩,18,59,20,.06,52,6415,38
1770994 yubeiyi,曹雪芹,19,150,21,.16,53,6586,50
1770994 yubeiyi,海大富,20,300,46,.69,76,6107,63
1770994 yubeiyi,华佗,21,100,23,.12,44,4372,50
1770994 yubeiyi,墨子,22,59,22,.06,49,5545,47
1770994 yubeiyi,杜甫,23,300,32,.48,89,11532,53
1770994 yubeiyi,廉颇,24,300,27,.41,59,6557,45
1770994 yubeiyi,庄周,25,59,9,.03,9,195,34
1770994 yubeiyi,李元芳,26,300,4,.06,52,9639,26
1770994 yubeiyi,鲁班,27,59,9,.03,10,240,30
1770994 yubeiyi,孙武,28,300,18,.27,47,5834,36
1770994 yubeiyi,张良,29,16,9,.01,9,10,28
1770994 yubeiyi,姜子牙,30,59,9,.03,11,475,28
1770994 yubeiyi,关羽,33,400,256,5.21,263,1504,562
1770994 yubeiyi,张飞,34,350,266,4.73,282,3202,280
1770994 yubeiyi,赵云,35,350,78,1.49,91,2619,93
1770994 yubeiyi,马超,36,400,1597,33.00,1599,429,1711
1770994 yubeiyi,黄忠,37,350,56,1.00,71,3138,70
1770994 yubeiyi,诸葛亮,38,350,309,5.52,358,9935,347
1770994 yubeiyi,庞统,39,350,316,5.60,320,891,339
1770994 yubeiyi,周瑜,40,350,387,6.86,401,2846,403
1770994 yubeiyi,郭嘉,41,400,393,8.14,419,5358,1136
1770994 yubeiyi,韦小宝,44,400,132,2.66,142,2158,998
1770994 yubeiyi,马云騄,55,400,61,1.23,71,2030,145
1770994 yubeiyi,张星彩,58,400,218,4.40,229,2310,1233
1861216 jia,零零发,1,300,80,1.21,139,11875,92
1861216 jia,鳌拜,2,300,118,1.78,152,6979,149
1861216 jia,和珅,3,100,26,.13,26,93,41
1861216 jia,郑板桥,4,200,68,.68,73,1103,120
1861216 jia,喜来乐,5,200,58,.58,61,724,101
1861216 jia,苏乞儿,6,300,183,2.76,230,9418,204
1861216 jia,李卫,7,150,47,.35,52,1018,70
1861216 jia,刘伯温,8,300,48,.72,94,9208,89
1861216 jia,林则徐,9,350,77,1.36,84,1418,376
1861216 jia,方世玉,10,300,45,.68,114,13893,74
1861216 jia,多尔衮,11,300,25,.38,90,13186,54
1861216 jia,左宗棠,12,300,55,.83,115,12182,86
1861216 jia,张之洞,13,300,62,.94,103,8207,118
1861216 jia,蒲松龄,14,200,64,.64,69,1172,125
1861216 jia,李鸿章,15,200,64,.64,68,964,97
1861216 jia,李寻欢,16,300,87,1.31,131,8929,110
1861216 jia,索尼,17,59,34,.10,36,521,70
1861216 jia,胡雪岩,18,59,14,.04,14,85,35
1861216 jia,曹雪芹,19,59,48,.14,49,399,83
1861216 jia,海大富,20,300,67,1.01,110,8742,88
1861216 jia,华佗,21,150,50,.38,54,878,80
1861216 jia,墨子,22,150,40,.30,45,1187,90
1861216 jia,杜甫,23,300,44,.66,108,12800,81
1861216 jia,廉颇,24,300,47,.71,87,8088,72
1861216 jia,庄周,25,200,60,.60,64,800,114
1861216 jia,李元芳,26,300,48,.72,111,12630,91
1861216 jia,鲁班,27,59,16,.05,16,25,37
1861216 jia,孙武,28,300,46,.69,66,4110,73
1861216 jia,张良,29,59,19,.06,19,75,57
1861216 jia,姜子牙,30,59,13,.04,13,40,35
1861216 jia,孙膑,31,11,13,.01,14,212,35
1861216 jia,关羽,33,400,532,10.84,535,671,1158
1861216 jia,张飞,34,350,178,3.16,193,3016,192
1861216 jia,赵云,35,350,176,3.23,192,3237,194
1861216 jia,马超,36,400,1960,40.70,1961,395,2030
1861216 jia,黄忠,37,300,92,1.40,103,2395,106
1861216 jia,诸葛亮,38,400,644,13.33,651,1444,2191
1861216 jia,庞统,39,300,111,1.70,119,1682,138
1861216 jia,周瑜,40,300,76,1.15,83,1512,92
1861216 jia,郭嘉,41,400,948,19.28,951,707,1176
1861216 jia,韦小宝,44,400,87,1.76,108,4395,1538
1861216 jia,马云騄,55,400,25,.50,76,10304,1520
1861216 jia,张星彩,58,400,324,6.54,381,11590,2481
1861216 jia,王异,65,400,1944,39.23,1952,1720,2641
12160829 yi,零零发,1,300,66,1.00,122,11285,78
12160829 yi,鳌拜,2,300,94,1.42,120,5315,122
12160829 yi,和珅,3,100,17,.09,17,195,30
12160829 yi,郑板桥,4,59,35,.10,38,635,60
12160829 yi,喜来乐,5,150,52,.39,55,741,82
12160829 yi,苏乞儿,6,300,151,2.28,186,7106,171
12160829 yi,李卫,7,150,48,.36,51,775,66
12160829 yi,刘伯温,8,300,22,.33,59,7537,48
12160829 yi,林则徐,9,200,44,.44,49,1005,84
12160829 yi,方世玉,10,300,35,.53,97,12530,65
12160829 yi,多尔衮,11,300,45,.68,104,11830,73
12160829 yi,左宗棠,12,300,5,.08,48,8657,33
12160829 yi,张之洞,13,300,52,.78,92,8010,97
12160829 yi,蒲松龄,14,200,48,.48,51,707,97
12160829 yi,李鸿章,15,200,47,.47,50,730,91
12160829 yi,李寻欢,16,300,83,1.25,112,5952,105
12160829 yi,索尼,17,200,51,.51,54,750,103
12160829 yi,胡雪岩,18,150,29,.22,32,626,79
12160829 yi,曹雪芹,19,59,47,.14,49,577,74
12160829 yi,海大富,20,300,77,1.16,102,5183,97
12160829 yi,华佗,21,150,30,.23,33,764,86
12160829 yi,墨子,22,59,41,.12,43,576,60
12160829 yi,杜甫,23,300,72,1.09,108,7344,241
12160829 yi,廉颇,24,300,56,.85,75,3854,80
12160829 yi,庄周,25,150,48,.36,51,688,92
12160829 yi,李元芳,26,300,44,.66,83,7962,68
12160829 yi,鲁班,27,59,33,.10,35,465,58
12160829 yi,孙武,28,300,34,.51,51,3465,58
12160829 yi,张良,29,52,13,.03,13,170,35
12160829 yi,姜子牙,30,100,21,.11,22,384,43
12160829 yi,孙膑,31,11,12,.01,12,80,34
12160829 yi,关羽,33,400,248,5.05,259,2356,622
12160829 yi,张飞,34,300,67,1.02,80,2759,81
12160829 yi,赵云,35,300,73,1.21,89,3218,91
12160829 yi,马超,36,400,1861,38.54,1861,23,1959
12160829 yi,黄忠,37,300,77,1.17,87,2066,91
12160829 yi,诸葛亮,38,400,636,13.16,640,889,2117
12160829 yi,庞统,39,300,65,.99,77,2560,91
12160829 yi,周瑜,40,300,209,3.17,212,633,225
12160829 yi,郭嘉,41,350,207,3.68,242,7016,350
12160829 yi,韦小宝,44,400,231,4.66,251,4174,1492
12160829 yi,关银屏,51,400,2990,60.85,3024,6864,4712
12160829 yi,马云騄,55,400,28,.56,90,12497,1262
134886 bing,零零发,1,300,68,1.03,119,10268,80
134886 bing,鳌拜,2,300,80,1.21,112,6432,108
134886 bing,和珅,3,59,42,.12,45,605,57
134886 bing,郑板桥,4,59,13,.04,14,315,37
134886 bing,喜来乐,5,100,28,.14,31,680,60
134886 bing,苏乞儿,6,300,159,2.40,205,9319,179
134886 bing,李卫,7,150,37,.28,39,541,58
134886 bing,刘伯温,8,300,62,.94,95,6745,98
134886 bing,林则徐,9,59,13,.04,15,460,40
134886 bing,方世玉,10,300,35,.53,95,12014,61
134886 bing,多尔衮,11,300,5,.08,62,11491,34
134886 bing,左宗棠,12,300,40,.60,99,11984,73
134886 bing,张之洞,13,300,40,.60,77,7406,97
134886 bing,蒲松龄,14,250,50,.63,53,761,100
134886 bing,李鸿章,15,150,33,.25,37,810,62
134886 bing,李寻欢,16,300,72,1.09,112,8007,94
134886 bing,索尼,17,200,34,.34,36,569,75
134886 bing,胡雪岩,18,70,52,.18,55,765,75
134886 bing,曹雪芹,19,200,44,.44,47,720,76
134886 bing,海大富,20,300,85,1.28,127,8418,105
134886 bing,华佗,21,200,47,.47,51,942,83
134886 bing,墨子,22,59,31,.09,33,509,56
134886 bing,杜甫,23,300,56,.85,94,7696,188
134886 bing,廉颇,24,300,52,.79,76,4968,76
134886 bing,庄周,25,150,25,.19,30,1115,75
134886 bing,李元芳,26,300,40,.60,80,8122,65
134886 bing,鲁班,27,150,41,.31,46,1095,66
134886 bing,孙武,28,300,58,.88,73,3024,82
134886 bing,张良,29,59,19,.06,19,35,41
134886 bing,姜子牙,30,59,24,.07,24,10,46
134886 bing,孙膑,31,11,12,.01,12,140,34
134886 bing,关羽,33,400,384,7.82,396,2474,790
134886 bing,张飞,34,300,71,1.08,87,3203,85
134886 bing,赵云,35,300,97,1.57,112,3012,115
134886 bing,马超,36,400,2255,46.65,2262,1404,2432
134886 bing,黄忠,37,300,73,1.11,86,2781,87
134886 bing,诸葛亮,38,400,1514,31.12,1516,511,3007
134886 bing,庞统,39,300,64,.97,70,1331,90
134886 bing,周瑜,40,300,79,1.20,86,1418,95
134886 bing,郭嘉,41,400,957,19.46,960,708,1087
134886 bing,韦小宝,44,400,96,1.94,119,4645,2011
134886 bing,马云騄,55,400,1071,21.63,1105,6860,1897
134886 bing,张星彩,58,400,49,.99,69,4116,1436
134886 bing,张辽,59,68,26,.09,33,1447,64
88699777 ding,零零发,1,300,60,.91,113,10791,72
88699777 ding,鳌拜,2,300,106,1.60,138,6431,134
88699777 ding,和珅,3,59,15,.04,15,110,28
88699777 ding,郑板桥,4,59,31,.09,34,689,62
88699777 ding,喜来乐,5,100,13,.07,13,185,37
88699777 ding,苏乞儿,6,300,171,2.58,206,7092,191
88699777 ding,李卫,7,150,25,.19,28,705,58
88699777 ding,刘伯温,8,300,60,.91,96,7265,88
88699777 ding,林则徐,9,200,62,.62,66,937,99
88699777 ding,方世玉,10,300,50,.75,110,12032,78
88699777 ding,多尔衮,11,300,35,.53,98,12611,63
88699777 ding,左宗棠,12,300,30,.45,79,9833,62
88699777 ding,张之洞,13,300,46,.69,87,8262,102
88699777 ding,蒲松龄,14,200,65,.65,70,1058,95
88699777 ding,李鸿章,15,59,61,.18,64,725,86
88699777 ding,李寻欢,16,300,75,1.13,104,5947,97
88699777 ding,索尼,17,200,30,.30,35,1000,86
88699777 ding,胡雪岩,18,59,61,.18,63,445,82
88699777 ding,曹雪芹,19,59,44,.13,47,630,65
88699777 ding,海大富,20,300,57,.86,81,4983,77
88699777 ding,华佗,21,150,26,.20,31,1011,57
88699777 ding,墨子,22,150,36,.27,40,942,68
88699777 ding,杜甫,23,300,44,.66,77,6608,160
88699777 ding,廉颇,24,300,73,1.10,88,3019,97
88699777 ding,庄周,25,150,54,.41,57,743,84
88699777 ding,李元芳,26,300,8,.12,41,6675,35
88699777 ding,鲁班,27,100,12,.06,13,275,33
88699777 ding,孙武,28,300,50,.75,67,3499,74
88699777 ding,张良,29,59,18,.05,18,150,46
88699777 ding,姜子牙,30,59,39,.12,42,600,61
88699777 ding,孙膑,31,11,12,.01,12,32,34
88699777 ding,关羽,33,400,244,4.97,256,2587,762
88699777 ding,张飞,34,300,59,.90,76,3488,73
88699777 ding,赵云,35,300,76,1.25,90,2955,94
88699777 ding,马超,36,400,1970,40.77,1973,724,2044
88699777 ding,黄忠,37,300,49,.74,65,3317,63
88699777 ding,诸葛亮,38,400,675,14.01,678,721,2275
88699777 ding,庞统,39,300,77,1.17,78,303,103
88699777 ding,周瑜,40,300,91,1.38,102,2263,107
88699777 ding,郭嘉,41,350,243,4.31,279,7307,277
88699777 ding,韦小宝,44,400,120,2.42,143,4685,1496
88699777 ding,关银屏,51,400,2948,60.20,2963,3146,4860
88699777 ding,马云騄,55,400,23,.46,87,12818,1430
