profile,姓名,id,等级,武力,满武力,书籍经验,总资质
pgh1234567,零零发,1,300,74,75,337,80
pgh1234567,鳌拜,2,100,36,52,3295,45
pgh1234567,和珅,3,20,3,10,1565,18
pgh1234567,郑板桥,4,10,3,5,400,9
pgh1234567,喜来乐,5,10,4,6,405,10
pgh1234567,苏乞儿,6,200,28,42,2908,34
pgh1234567,李卫,7,1,3,6,780,24
pgh1234567,刘伯温,8,300,48,49,212,54
pgh1234567,林则徐,9,20,3,6,765,9
pgh1234567,方世玉,10,300,5,25,4181,20
pgh1234567,多尔衮,11,70,5,11,1242,14
pgh1234567,左宗棠,12,80,5,7,570,11
pgh1234567,张之洞,13,59,6,14,1640,27
pgh1234567,蒲松龄,14,59,4,12,1760,19
pgh1234567,李鸿章,15,59,3,5,580,9
pgh1234567,李寻欢,16,100,8,17,1992,14
pgh1234567,索尼,17,30,4,5,390,28
pgh1234567,胡雪岩,18,10,3,5,540,9
pgh1234567,曹雪芹,19,10,5,11,1255,14
pgh1234567,海大富,20,150,16,19,754,22
pgh1234567,华佗,21,50,3,5,425,27
pgh1234567,墨子,22,20,3,4,370,9
pgh1234567,杜甫,23,100,4,16,2466,10
pgh1234567,廉颇,24,59,14,16,470,23
pgh1234567,庄周,25,1,3,5,515,30
pgh1234567,李元芳,26,1,4,9,1070,10
pgh1234567,鲁班,27,1,3,4,340,12
pgh1234567,孙武,28,1,10,11,250,19
pgh1234567,张良,29,1,3,3,30,33
pgh1234567,关羽,33,130,12,16,818,21
pgh1234567,张飞,34,1,11,12,210,17
pgh1234567,赵云,35,1,11,14,680,20
pgh1234567,马超,36,400,684,685,200,696
pgh1234567,黄忠,37,1,11,11,170,20
pgh1234567,诸葛亮,38,300,54,56,462,60
pgh1234567,庞统,39,1,8,9,340,17
pgh1234567,周瑜,40,2,8,9,270,14
pgh1234567,郭嘉,41,350,291,293,529,300
pgh1234567,韦小宝,44,350,15,15,191,1266
pgh1234567,关银屏,51,350,454,459,1166,472
pgh1234567,马云騄,55,400,34,34,178,190
pgh1234567,王异,65,1,148,149,300,166
pgh12345678,零零发,1,300,114,115,271,126
pgh12345678,鳌拜,2,100,44,60,3281,62
pgh12345678,和珅,3,10,10,11,385,85
pgh12345678,郑板桥,4,10,18,20,430,30
pgh12345678,喜来乐,5,10,7,9,415,19
pgh12345678,苏乞儿,6,100,21,31,2136,33
pgh12345678,李卫,7,20,7,9,470,28
pgh12345678,刘伯温,8,300,56,58,537,68
pgh12345678,林则徐,9,20,10,11,330,22
pgh12345678,方世玉,10,300,35,35,64,62
pgh12345678,多尔衮,11,70,30,34,936,48
pgh12345678,左宗棠,12,59,10,15,1070,22
pgh12345678,张之洞,13,59,12,34,4465,66
pgh12345678,蒲松龄,14,70,9,12,754,69
pgh12345678,李鸿章,15,1,9,11,465,21
pgh12345678,李寻欢,16,140,25,30,1016,37
pgh12345678,索尼,17,70,6,9,792,75
pgh12345678,胡雪岩,18,10,10,12,585,22
pgh12345678,曹雪芹,19,10,6,7,275,15
pgh12345678,海大富,20,150,22,27,1193,34
pgh12345678,华佗,21,90,7,10,789,61
pgh12345678,墨子,22,10,9,11,400,21
pgh12345678,杜甫,23,100,16,18,503,34
pgh12345678,廉颇,24,40,21,23,409,30
pgh12345678,庄周,25,2,9,10,320,66
pgh12345678,李元芳,26,1,12,20,1730,24
pgh12345678,鲁班,27,1,6,7,300,15
pgh12345678,孙武,28,1,10,10,60,19
pgh12345678,张良,29,1,6,6,40,36
pgh12345678,关羽,33,50,20,21,204,29
pgh12345678,张飞,34,1,24,25,230,36
pgh12345678,赵云,35,2,21,23,545,30
pgh12345678,马超,36,350,256,257,233,268
pgh12345678,黄忠,37,10,11,12,260,20
pgh12345678,诸葛亮,38,300,76,79,675,262
pgh12345678,庞统,39,1,16,18,450,34
pgh12345678,周瑜,40,1,21,23,460,33
pgh12345678,郭嘉,41,350,207,208,353,225
pgh12345678,韦小宝,44,350,24,27,660,1617
pgh12345678,关银屏,51,400,1308,1321,2659,1377
pgh12345678,马云騄,55,400,28,35,1490,184
pgh123456789,零零发,1,300,84,84,145,90
pgh123456789,鳌拜,2,100,34,52,3674,43
pgh123456789,和珅,3,20,3,7,965,18
pgh123456789,郑板桥,4,20,6,9,750,12
pgh123456789,喜来乐,5,20,3,22,3820,9
pgh123456789,苏乞儿,6,100,14,24,2013,20
pgh123456789,李卫,7,10,3,10,1472,24
pgh123456789,刘伯温,8,300,64,66,470,70
pgh123456789,林则徐,9,30,3,12,1935,9
pgh123456789,方世玉,10,300,5,37,6550,20
pgh123456789,多尔衮,11,100,5,30,5141,14
pgh123456789,左宗棠,12,100,15,34,3873,21
pgh123456789,张之洞,13,54,12,33,4284,33
pgh123456789,蒲松龄,14,100,3,13,2041,18
pgh123456789,李鸿章,15,10,3,15,2510,9
pgh123456789,李寻欢,16,150,24,25,241,30
pgh123456789,索尼,17,60,3,12,1855,27
pgh123456789,胡雪岩,18,10,3,12,1805,9
pgh123456789,曹雪芹,19,10,3,22,3960,12
pgh123456789,海大富,20,150,24,24,74,30
pgh123456789,华佗,21,100,3,9,1277,27
pgh123456789,墨子,22,70,3,8,1032,9
pgh123456789,杜甫,23,100,36,36,119,48
pgh123456789,廉颇,24,20,9,44,7175,18
pgh123456789,庄周,25,2,3,21,3750,30
pgh123456789,李元芳,26,1,4,13,1905,10
pgh123456789,鲁班,27,1,3,5,525,12
pgh123456789,孙武,28,1,94,95,290,103
pgh123456789,张良,29,1,3,3,120,33
pgh123456789,关羽,33,350,172,174,405,181
pgh123456789,张飞,34,150,14,18,861,20
pgh123456789,赵云,35,40,11,15,920,20
pgh123456789,马超,36,350,150,153,669,162
pgh123456789,黄忠,37,1,7,10,730,16
pgh123456789,诸葛亮,38,300,60,63,701,66
pgh123456789,庞统,39,150,13,15,427,22
pgh123456789,周瑜,40,150,16,18,401,22
pgh123456789,郭嘉,41,400,660,662,490,669
pgh123456789,韦小宝,44,350,15,15,83,1263
pgh123456789,关银屏,51,350,1244,1245,388,1748
pgh123456789,马云騄,55,400,38,39,236,194
pby123,零零发,1,300,80,81,293,92
pby123,鳌拜,2,100,50,52,493,62
pby123,和珅,3,20,5,7,555,20
pby123,郑板桥,4,20,5,12,1460,17
pby123,喜来乐,5,20,4,7,700,16
pby123,苏乞儿,6,150,16,27,2285,28
pby123,李卫,7,30,4,8,810,25
pby123,刘伯温,8,300,54,55,201,66
pby123,林则徐,9,59,5,7,450,17
pby123,方世玉,10,300,5,39,6947,26
pby123,多尔衮,11,100,5,18,2768,17
pby123,左宗棠,12,100,5,19,2977,17
pby123,张之洞,13,50,12,33,4330,36
pby123,蒲松龄,14,50,4,10,1355,19
pby123,李鸿章,15,50,4,13,1985,16
pby123,李寻欢,16,150,14,22,1665,26
pby123,索尼,17,1,4,11,1550,28
pby123,胡雪岩,18,1,4,4,160,16
pby123,曹雪芹,19,1,4,5,274,13
pby123,海大富,20,150,8,15,1472,20
pby123,华佗,21,10,4,12,1600,28
pby123,墨子,22,1,4,10,1380,16
pby123,杜甫,23,11,4,36,6400,16
pby123,廉颇,24,11,9,12,625,18
pby123,庄周,25,1,4,9,1080,31
pby123,李元芳,26,1,4,7,760,16
pby123,鲁班,27,1,4,5,320,13
pby123,孙武,28,1,10,11,200,19
pby123,张良,29,1,4,4,90,34
pby123,关羽,33,50,16,20,800,25
pby123,张飞,34,1,11,12,290,23
pby123,赵云,35,1,11,14,750,20
pby123,马超,36,350,144,145,303,156
pby123,黄忠,37,1,11,12,200,20
pby123,诸葛亮,38,300,100,101,363,112
pby123,庞统,39,1,8,11,670,20
pby123,周瑜,40,1,8,19,2250,20
pby123,郭嘉,41,400,801,803,582,813
pby123,韦小宝,44,350,18,19,377,1299
pby123,关银屏,51,400,640,651,2262,700
pby123,马云騄,55,400,38,39,320,209
pby1234,零零发,1,300,58,79,4326,64
pby1234,鳌拜,2,40,32,47,3175,38
pby1234,和珅,3,20,4,7,720,19
pby1234,郑板桥,4,20,4,5,360,10
pby1234,喜来乐,5,20,3,5,470,9
pby1234,苏乞儿,6,100,7,23,3399,13
pby1234,李卫,7,30,4,6,410,25
pby1234,刘伯温,8,300,42,44,472,48
pby1234,林则徐,9,10,3,13,2130,9
pby1234,方世玉,10,300,5,32,5422,20
pby1234,多尔衮,11,100,5,20,3146,11
pby1234,左宗棠,12,100,5,18,2682,11
pby1234,张之洞,13,60,12,39,5526,30
pby1234,蒲松龄,14,60,3,11,1688,18
pby1234,李鸿章,15,60,3,8,1198,9
pby1234,李寻欢,16,100,8,16,1761,14
pby1234,索尼,17,1,3,11,1655,27
pby1234,胡雪岩,18,1,3,5,510,9
pby1234,曹雪芹,19,1,3,9,1365,12
pby1234,海大富,20,100,8,12,906,14
pby1234,华佗,21,10,3,14,2225,27
pby1234,墨子,22,10,3,6,680,9
pby1234,杜甫,23,14,4,34,6060,10
pby1234,廉颇,24,1,9,12,645,18
pby1234,庄周,25,1,3,6,755,30
pby1234,李元芳,26,1,4,13,1810,10
pby1234,鲁班,27,1,3,4,390,12
pby1234,孙武,28,1,10,11,250,19
pby1234,张良,29,1,3,3,130,33
pby1234,关羽,33,40,12,13,330,21
pby1234,张飞,34,1,7,11,850,13
pby1234,赵云,35,1,11,15,840,20
pby1234,马超,36,150,51,52,207,63
pby1234,黄忠,37,1,11,12,200,20
pby1234,诸葛亮,38,400,674,675,390,698
pby1234,庞统,39,1,8,11,780,14
pby1234,周瑜,40,1,198,199,360,204
pby1234,郭嘉,41,350,285,289,827,291
pby1234,韦小宝,44,350,12,14,532,1011
pby1234,关银屏,51,400,722,733,2246,740
pby1234,马云騄,55,400,38,42,932,194
pby12345,零零发,1,300,78,78,67,84
pby12345,鳌拜,2,100,38,52,2922,47
pby12345,和珅,3,10,4,5,350,19
pby12345,郑板桥,4,10,6,7,220,12
pby12345,喜来乐,5,10,14,24,2055,20
pby12345,苏乞儿,6,100,11,20,1971,17
pby12345,李卫,7,30,30,30,180,51
pby12345,刘伯温,8,300,46,47,285,52
pby12345,林则徐,9,10,4,5,390,10
pby12345,方世玉,10,300,25,26,309,40
pby12345,多尔衮,11,100,15,18,698,24
pby12345,左宗棠,12,100,10,12,529,16
pby12345,张之洞,13,50,10,32,4475,31
pby12345,蒲松龄,14,50,3,8,1155,18
pby12345,李鸿章,15,30,3,15,2590,9
pby12345,李寻欢,16,100,8,13,1019,14
pby12345,索尼,17,1,3,12,1835,27
pby12345,胡雪岩,18,1,3,14,2210,9
pby12345,曹雪芹,19,1,3,3,30,12
pby12345,海大富,20,150,14,20,1264,20
pby12345,华佗,21,10,3,13,2175,27
pby12345,墨子,22,30,3,10,1430,9
pby12345,杜甫,23,20,4,13,1900,10
pby12345,廉颇,24,1,14,17,740,23
pby12345,庄周,25,1,3,12,1890,30
pby12345,李元芳,26,1,4,13,1860,10
pby12345,鲁班,27,1,3,3,180,12
pby12345,孙武,28,1,10,10,140,19
pby12345,张良,29,1,3,3,50,33
pby12345,关羽,33,59,16,19,745,25
pby12345,张飞,34,1,11,12,350,17
pby12345,赵云,35,150,26,27,261,35
pby12345,马超,36,2,30,34,870,42
pby12345,黄忠,37,1,7,11,890,16
pby12345,诸葛亮,38,300,65,67,527,71
pby12345,庞统,39,59,8,10,565,17
pby12345,周瑜,40,1,8,10,440,14
pby12345,郭嘉,41,400,663,666,614,672
pby12345,韦小宝,44,350,108,109,389,1071
pby12345,关银屏,51,350,196,227,6334,214
pby12345,马云騄,55,400,78,80,592,249
pby123456,零零发,1,300,26,86,12190,32
pby123456,鳌拜,2,100,32,57,5113,41
pby123456,和珅,3,10,3,15,2520,18
pby123456,郑板桥,4,10,5,16,2255,11
pby123456,喜来乐,5,20,3,15,2445,9
pby123456,苏乞儿,6,80,7,27,4042,13
pby123456,李卫,7,10,4,6,575,25
pby123456,刘伯温,8,300,18,46,5787,24
pby123456,林则徐,9,10,3,5,585,9
pby123456,方世玉,10,300,5,30,5182,20
pby123456,多尔衮,11,50,5,23,3665,14
pby123456,左宗棠,12,100,5,29,4922,11
pby123456,张之洞,13,50,10,34,4835,31
pby123456,蒲松龄,14,50,3,21,3780,18
pby123456,李鸿章,15,5,3,11,1720,9
pby123456,李寻欢,16,150,14,27,2799,20
pby123456,索尼,17,1,3,7,915,27
pby123456,胡雪岩,18,1,3,10,1520,9
pby123456,海大富,20,100,8,31,4673,14
pby123456,华佗,21,1,3,8,1100,27
pby123456,墨子,22,4,3,5,585,9
pby123456,杜甫,23,2,4,35,6270,10
pby123456,廉颇,24,11,9,18,1880,18
pby123456,庄周,25,1,3,13,2095,30
pby123456,李元芳,26,1,4,27,4770,10
pby123456,鲁班,27,1,3,4,260,12
pby123456,孙武,28,1,10,10,90,19
pby123456,张良,29,1,3,3,40,33
pby123456,关羽,33,200,36,38,540,45
pby123456,张飞,34,350,67,81,2806,73
pby123456,赵云,35,59,11,15,834,20
pby123456,马超,36,59,34,46,2430,46
pby123456,黄忠,37,1,7,10,700,16
pby123456,诸葛亮,38,400,741,742,341,753
pby123456,庞统,39,59,153,156,745,162
pby123456,周瑜,40,59,153,160,1465,159
pby123456,郭嘉,41,300,360,388,5700,369
pby123456,韦小宝,44,350,108,113,1129,1005
pby123456,关银屏,51,350,326,339,2774,344
pby123456,马云騄,55,400,303,334,6280,474
pby1234567,零零发,1,300,26,78,10567,32
pby1234567,鳌拜,2,80,34,49,3187,43
pby1234567,和珅,3,10,3,13,2045,18
pby1234567,郑板桥,4,10,3,4,260,9
pby1234567,喜来乐,5,10,3,4,365,9
pby1234567,苏乞儿,6,200,13,33,4001,19
pby1234567,李卫,7,10,3,10,1400,24
pby1234567,刘伯温,8,300,20,48,5695,26
pby1234567,林则徐,9,10,3,4,370,9
pby1234567,方世玉,10,300,140,148,1743,155
pby1234567,多尔衮,11,50,5,23,3640,14
pby1234567,左宗棠,12,2,5,24,3860,11
pby1234567,张之洞,13,1,8,33,5165,29
pby1234567,蒲松龄,14,1,3,4,320,18
pby1234567,李鸿章,15,1,5,10,1005,11
pby1234567,李寻欢,16,200,11,27,3234,17
pby1234567,索尼,17,1,3,4,300,27
pby1234567,海大富,20,100,8,24,3309,14
pby1234567,华佗,21,13,3,8,1060,27
pby1234567,墨子,22,1,3,5,420,9
pby1234567,杜甫,23,50,4,39,7045,10
pby1234567,廉颇,24,1,9,15,1365,18
pby1234567,庄周,25,1,3,10,1420,30
pby1234567,李元芳,26,1,4,30,5320,10
pby1234567,鲁班,27,1,3,4,250,12
pby1234567,孙武,28,1,58,58,140,67
pby1234567,张良,29,1,3,3,30,33
pby1234567,关羽,33,200,16,19,658,25
pby1234567,张飞,34,59,11,12,270,17
pby1234567,赵云,35,1,11,13,510,20
pby1234567,马超,36,150,125,126,328,137
pby1234567,黄忠,37,1,7,10,670,16
pby1234567,诸葛亮,38,300,307,324,3468,313
pby1234567,庞统,39,59,183,184,330,192
pby1234567,周瑜,40,59,253,254,260,259
pby1234567,郭嘉,41,400,498,500,479,507
pby1234567,韦小宝,44,350,6,19,2750,915
pby1234567,马云騄,55,400,298,330,6484,469
pby12345678,零零发,1,300,78,78,64,84
pby12345678,鳌拜,2,59,32,45,2710,41
pby12345678,和珅,3,10,3,4,280,18
pby12345678,郑板桥,4,10,3,7,835,9
pby12345678,喜来乐,5,10,3,4,289,9
pby12345678,苏乞儿,6,100,9,22,2654,15
pby12345678,李卫,7,10,3,4,300,24
pby12345678,刘伯温,8,300,14,44,6053,20
pby12345678,林则徐,9,20,3,9,1360,9
pby12345678,方世玉,10,300,5,31,5279,20
pby12345678,多尔衮,11,50,5,18,2775,14
pby12345678,左宗棠,12,50,5,19,2965,11
pby12345678,张之洞,13,10,8,30,4580,29
pby12345678,蒲松龄,14,10,3,9,1250,18
pby12345678,李鸿章,15,10,3,8,1020,9
pby12345678,李寻欢,16,100,8,14,1317,14
pby12345678,海大富,20,125,11,23,2536,17
pby12345678,华佗,21,20,3,8,1015,27
pby12345678,墨子,22,5,3,4,340,9
pby12345678,杜甫,23,10,4,36,6410,10
pby12345678,廉颇,24,10,9,11,535,18
pby12345678,庄周,25,1,3,7,925,30
pby12345678,李元芳,26,1,4,14,2030,10
pby12345678,鲁班,27,1,3,5,445,12
pby12345678,孙武,28,300,208,218,2167,217
pby12345678,张良,29,1,3,5,570,33
pby12345678,关羽,33,16,12,13,260,21
pby12345678,张飞,34,2,15,19,885,21
pby12345678,赵云,35,1,11,14,705,20
pby12345678,马超,36,200,160,160,15,172
pby12345678,黄忠,37,1,209,211,440,218
pby12345678,诸葛亮,38,300,204,211,1507,210
pby12345678,庞统,39,1,8,9,210,17
pby12345678,郭嘉,41,300,363,370,1482,372
pby12345678,韦小宝,44,200,6,22,3227,75
pby12345678,马云騄,55,400,193,197,979,1183
pby12345678,祝融,68,400,340,344,853,358
pby123456789,零零发,1,300,26,102,15375,32
pby123456789,鳌拜,2,50,32,54,4415,41
pby123456789,和珅,3,10,3,20,3515,18
pby123456789,郑板桥,4,10,5,30,5090,11
pby123456789,喜来乐,5,61,7,9,452,13
pby123456789,苏乞儿,6,110,7,19,2580,13
pby123456789,李卫,7,1,4,22,3615,25
pby123456789,刘伯温,8,300,20,48,5703,26
pby123456789,林则徐,9,1,3,11,1670,9
pby123456789,方世玉,10,300,5,56,10368,20
pby123456789,多尔衮,11,50,5,27,4535,14
pby123456789,左宗棠,12,2,5,14,1820,11
pby123456789,张之洞,13,1,12,32,4010,33
pby123456789,蒲松龄,14,1,3,21,3740,18
pby123456789,李鸿章,15,1,3,28,5065,9
pby123456789,李寻欢,16,20,8,13,1045,14
pby123456789,索尼,17,1,3,16,2610,27
pby123456789,胡雪岩,18,1,3,9,1215,9
pby123456789,曹雪芹,19,1,3,22,3880,12
pby123456789,海大富,20,100,14,16,588,20
pby123456789,华佗,21,50,3,23,4115,27
pby123456789,墨子,22,2,3,11,1715,9
pby123456789,杜甫,23,1,4,29,5175,10
pby123456789,廉颇,24,1,9,15,1375,18
pby123456789,庄周,25,1,3,18,3175,30
pby123456789,李元芳,26,1,4,10,1265,10
pby123456789,鲁班,27,1,3,3,180,12
pby123456789,孙武,28,1,10,10,130,19
pby123456789,张良,29,1,3,3,0,33
pby123456789,关羽,33,90,24,27,695,33
pby123456789,张飞,34,1,19,22,735,25
pby123456789,赵云,35,1,11,13,480,20
pby123456789,马超,36,30,28,41,2730,40
pby123456789,黄忠,37,1,7,10,690,16
pby123456789,诸葛亮,38,300,41,53,2576,47
pby123456789,郭嘉,41,300,144,191,9440,153
pby123456789,韦小宝,44,200,3,40,7492,60
pby123456789,关银屏,51,400,988,1008,4026,1006
pby123456789,马云騄,55,1,8,27,3900,74
pby123456789,张春华,66,250,60,105,9048,78
pby123456789,祝融,68,350,578,580,568,2591
wang77,零零发,1,300,68,68,91,74
wang77,鳌拜,2,60,36,40,882,42
wang77,和珅,3,33,2,10,1675,17
wang77,郑板桥,4,10,2,12,2080,8
wang77,喜来乐,5,39,2,18,3370,8
wang77,苏乞儿,6,100,11,28,3507,17
wang77,李卫,7,50,2,8,1205,23
wang77,刘伯温,8,300,26,27,322,32
wang77,林则徐,9,12,2,14,2560,8
wang77,方世玉,10,300,5,21,3235,20
wang77,多尔衮,11,100,5,20,3017,20
wang77,左宗棠,12,33,10,15,1085,16
wang77,张之洞,13,32,4,29,5010,22
wang77,蒲松龄,14,50,2,7,1100,17
wang77,李鸿章,15,10,2,6,950,8
wang77,李寻欢,16,100,8,21,2673,14
wang77,索尼,17,1,2,6,960,26
wang77,胡雪岩,18,100,3,17,2910,9
wang77,曹雪芹,19,10,2,13,2345,11
wang77,海大富,20,100,8,20,2518,14
wang77,华佗,21,13,2,6,955,26
wang77,墨子,22,24,2,25,4725,8
wang77,杜甫,23,7,4,6,465,10
wang77,廉颇,24,1,9,19,2115,18
wang77,庄周,25,1,2,3,285,29
wang77,李元芳,26,1,4,16,2540,10
wang77,鲁班,27,1,2,2,120,11
wang77,关羽,33,1,20,27,1550,29
wang77,张飞,34,1,15,16,220,21
wang77,赵云,35,1,11,14,680,20
wang77,马超,36,1,224,224,95,236
wang77,黄忠,37,1,115,117,425,124
wang77,诸葛亮,38,300,196,197,284,202
wang77,郭嘉,41,300,345,348,674,351
wang77,韦小宝,44,300,39,41,499,96
wang77,黄飞鸿,45,300,139,139,83,238
wang77,马云騄,55,1,23,27,900,818
wang777,零零发,1,300,62,63,381,68
wang777,鳌拜,2,10,26,31,1110,29
wang777,和珅,3,30,1,3,540,16
wang777,郑板桥,4,10,1,10,1970,7
wang777,喜来乐,5,10,1,12,2315,7
wang777,苏乞儿,6,82,7,11,947,13
wang777,李卫,7,2,1,12,2210,22
wang777,刘伯温,8,300,26,27,233,32
wang777,林则徐,9,1,1,5,895,7
wang777,方世玉,10,300,15,19,817,30
wang777,多尔衮,11,57,10,11,310,13
wang777,左宗棠,12,80,5,9,813,11
wang777,张之洞,13,50,24,24,20,39
wang777,蒲松龄,14,40,1,15,2975,16
wang777,李鸿章,15,1,1,4,665,7
wang777,李寻欢,16,80,8,10,591,14
wang777,索尼,17,1,1,10,1810,25
wang777,胡雪岩,18,1,1,13,2510,7
wang777,曹雪芹,19,7,1,3,410,10
wang777,海大富,20,90,18,22,925,24
wang777,华佗,21,1,1,16,3010,25
wang777,墨子,22,1,1,13,2500,7
wang777,杜甫,23,1,4,8,910,10
wang777,廉颇,24,1,9,12,715,18
wang777,庄周,25,1,1,5,800,28
wang777,李元芳,26,1,4,15,2220,10
wang777,鲁班,27,1,1,17,3320,10
wang777,关羽,33,1,12,13,270,21
wang777,张飞,34,1,15,18,715,21
wang777,赵云,35,1,27,29,555,36
wang777,马超,36,1,220,220,45,232
wang777,黄忠,37,1,119,120,305,128
wang777,诸葛亮,38,300,142,144,539,148
wang777,郭嘉,41,350,297,297,180,300
wang777,韦小宝,44,150,18,19,207,45
wang777,黄飞鸿,45,300,155,155,116,236
wang777,马云騄,55,350,38,40,405,1121
wang7777,零零发,1,300,66,67,380,72
wang7777,鳌拜,2,20,28,35,1580,31
wang7777,和珅,3,50,1,6,1150,16
wang7777,郑板桥,4,10,1,22,4275,7
wang7777,喜来乐,5,50,1,12,2270,7
wang7777,苏乞儿,6,81,7,33,5344,13
wang7777,李卫,7,20,1,8,1550,22
wang7777,刘伯温,8,300,38,39,235,44
wang7777,林则徐,9,5,1,20,3925,7
wang7777,方世玉,10,300,180,181,393,195
wang7777,多尔衮,11,50,5,19,2960,8
wang7777,左宗棠,12,85,5,16,2372,17
wang7777,张之洞,13,2,4,19,3040,19
wang7777,蒲松龄,14,1,1,14,2665,31
wang7777,李鸿章,15,1,1,10,1930,7
wang7777,李寻欢,16,90,8,32,4800,14
wang7777,索尼,17,1,1,15,2895,25
wang7777,胡雪岩,18,1,1,8,1405,7
wang7777,曹雪芹,19,1,1,5,800,10
wang7777,海大富,20,100,8,36,5636,14
wang7777,华佗,21,1,1,9,1780,25
wang7777,墨子,22,1,1,12,2240,7
wang7777,杜甫,23,1,4,10,1350,10
wang7777,廉颇,24,1,9,22,2775,18
wang7777,庄周,25,1,1,19,3715,28
wang7777,李元芳,26,1,4,9,1095,10
wang7777,鲁班,27,1,1,8,1515,10
wang7777,关羽,33,1,8,15,1465,17
wang7777,张飞,34,1,7,28,4240,13
wang7777,赵云,35,1,11,18,1500,20
wang7777,马超,36,1,335,335,115,347
wang7777,黄忠,37,1,170,170,20,179
wang7777,诸葛亮,38,300,248,250,548,254
wang7777,郭嘉,41,300,315,317,439,318
wang7777,韦小宝,44,300,66,68,541,123
wang7777,马云騄,55,300,38,41,736,2108


