pby123,零零发,1,350,216,3.81,216,150,224
pby123,鳌拜,2,350,124,2.19,125,263,134
pby123,和珅,3,50,5,.01,38,6615,14
pby123,郑板桥,4,50,5,.01,58,10750,18
pby123,喜来乐,5,50,4,.01,42,7672,18
pby123,苏乞儿,6,300,108,1.63,108,194,118
pby123,李卫,7,50,4,.01,31,5535,15
pby123,刘伯温,8,300,54,.81,108,10852,68
pby123,林则徐,9,59,5,.01,48,8745,20
pby123,方世玉,10,300,80,1.21,85,1150,93
pby123,多尔衮,11,300,60,.91,98,7627,71
pby123,左宗棠,12,300,70,1.06,95,5105,83
pby123,张之洞,13,300,12,.18,86,14881,28
pby123,蒲松龄,14,50,4,.01,39,7030,18
pby123,李鸿章,15,50,4,.01,43,7800,21
pby123,李寻欢,16,300,51,.77,91,8115,62
pby123,索尼,17,51,4,.01,53,9865,17
pby123,胡雪岩,18,1,4,.00,13,1870,19
pby123,曹雪芹,19,51,4,.01,47,8711,17
pby123,海大富,20,300,8,.12,64,11281,20
pby123,华佗,21,50,4,.01,41,7550,18
pby123,墨子,22,51,4,.01,29,5010,20
pby123,杜甫,23,300,82,1.24,106,4826,98
pby123,廉颇,24,300,9,.14,71,12565,19
pby123,庄周,25,51,4,.01,55,10390,19
pby123,李元芳,26,300,4,.06,61,11401,20
pby123,鲁班,27,51,4,.01,18,2970,19
pby123,孙武,28,300,102,1.54,139,7424,112
pby123,张良,29,51,4,.01,37,6765,20
pby123,姜子牙,30,1,4,.00,38,6895,20
pby123,关羽,33,350,218,3.87,220,484,227
pby123,张飞,34,350,97,1.72,98,305,108
pby123,赵云,35,350,105,2.01,107,400,114
pby123,马超,36,350,232,4.13,233,298,253
pby123,黄忠,37,350,85,1.51,88,775,94
pby123,诸葛亮,38,350,270,4.87,274,930,289
pby123,庞统,39,350,123,2.18,125,539,136
pby123,周瑜,40,350,108,1.91,112,848,120
pby123,郭嘉,41,400,824,16.98,833,1928,1190
pby123,韦小宝,44,350,89,1.57,91,451,533
pby123,关银屏,51,400,676,13.63,686,2105,1559
pby123,马云騄,55,400,220,4.44,220,188,294
pby1234,零零发,1,300,212,3.20,212,151,218
pby1234,鳌拜,2,300,118,1.78,118,120,124
pby1234,和珅,3,50,4,.01,42,7630,13
pby1234,郑板桥,4,50,4,.01,54,10145,14
pby1234,喜来乐,5,50,3,.01,51,9615,13
pby1234,苏乞儿,6,300,94,1.42,135,8266,100
pby1234,李卫,7,50,4,.01,43,7910,15
pby1234,刘伯温,8,300,42,.63,82,8153,53
pby1234,林则徐,9,50,3,.01,44,8375,15
pby1234,方世玉,10,300,85,1.28,94,1884,94
pby1234,多尔衮,11,300,65,.98,99,6829,74
pby1234,左宗棠,12,300,50,.75,87,7487,59
pby1234,张之洞,13,300,12,.18,93,16385,25
pby1234,蒲松龄,14,60,3,.01,43,8155,16
pby1234,李鸿章,15,60,3,.01,29,5324,16
pby1234,李寻欢,16,300,55,.83,101,9312,62
pby1234,索尼,17,51,3,.01,47,8845,16
pby1234,胡雪岩,18,51,3,.01,41,7730,16
pby1234,曹雪芹,19,51,3,.01,52,9999,16
pby1234,海大富,20,300,8,.12,81,14630,16
pby1234,华佗,21,50,3,.01,37,6840,17
pby1234,墨子,22,50,3,.01,61,11695,17
pby1234,杜甫,23,300,90,1.36,118,5776,157
pby1234,廉颇,24,300,9,.14,67,11783,17
pby1234,庄周,25,51,3,.01,36,6770,18
pby1234,李元芳,26,300,4,.06,61,11545,17
pby1234,鲁班,27,51,3,.01,25,4530,18
pby1234,孙武,28,300,72,1.09,78,1254,80
pby1234,张良,29,51,3,.01,50,9475,19
pby1234,姜子牙,30,1,3,.00,17,2975,19
pby1234,关羽,33,350,142,2.52,143,253,151
pby1234,张飞,34,350,117,2.08,118,329,126
pby1234,赵云,35,350,105,2.01,108,600,114
pby1234,马超,36,350,119,2.11,120,344,128
pby1234,黄忠,37,350,89,1.58,93,938,98
pby1234,诸葛亮,38,400,679,14.01,730,10338,1032
pby1234,庞统,39,350,228,4.04,232,822,239
pby1234,周瑜,40,350,288,5.10,293,1095,298
pby1234,郭嘉,41,350,344,6.10,346,576,355
pby1234,韦小宝,44,350,155,2.73,157,582,505
pby1234,关银屏,51,400,722,14.62,767,9080,1007
pby1234,马云騄,55,400,230,4.64,231,384,296
pby12345,零零发,1,300,186,2.81,205,3856,192
pby12345,鳌拜,2,300,100,1.51,124,4837,108
pby12345,和珅,3,50,4,.01,46,8570,13
pby12345,郑板桥,4,50,6,.02,32,5205,17
pby12345,喜来乐,5,50,14,.04,43,5850,25
pby12345,苏乞儿,6,300,78,1.18,102,4905,85
pby12345,李卫,7,50,30,.08,56,5287,41
pby12345,刘伯温,8,300,46,.69,82,7242,58
pby12345,林则徐,9,50,4,.01,15,2375,17
pby12345,方世玉,10,300,55,.83,62,1483,65
pby12345,多尔衮,11,300,15,.23,76,12363,25
pby12345,左宗棠,12,300,10,.15,76,13261,20
pby12345,张之洞,13,300,10,.15,68,11613,25
pby12345,蒲松龄,14,50,3,.01,28,5085,17
pby12345,李鸿章,15,50,3,.01,39,7290,17
pby12345,李寻欢,16,300,10,.15,79,13976,18
pby12345,索尼,17,51,3,.01,29,5225,16
pby12345,胡雪岩,18,51,3,.01,53,10100,16
pby12345,曹雪芹,19,51,3,.01,20,3590,16
pby12345,海大富,20,300,14,.21,73,11895,23
pby12345,华佗,21,50,3,.01,34,6215,17
pby12345,墨子,22,50,3,.01,38,7039,17
pby12345,杜甫,23,300,66,1.00,88,4567,79
pby12345,廉颇,24,300,132,1.99,146,2950,141
pby12345,庄周,25,100,3,.02,31,5641,18
pby12345,李元芳,26,300,4,.06,72,13731,18
pby12345,鲁班,27,51,3,.01,32,5900,18
pby12345,孙武,28,300,114,1.72,137,4787,123
pby12345,张良,29,51,3,.01,36,6702,19
pby12345,姜子牙,30,1,3,.00,3,60,19
pby12345,关羽,33,350,330,5.86,348,3781,339
pby12345,张飞,34,350,309,5.49,327,3781,318
pby12345,赵云,35,350,332,6.07,350,3652,341
pby12345,马超,36,350,334,5.94,350,3206,343
pby12345,黄忠,37,350,329,5.85,346,3513,338
pby12345,诸葛亮,38,350,321,5.71,337,3278,338
pby12345,庞统,39,350,323,5.72,347,4899,335
pby12345,周瑜,40,350,308,5.46,328,4133,318
pby12345,郭嘉,41,400,707,14.60,712,1021,1067
pby12345,韦小宝,44,350,137,2.41,157,4161,480
pby12345,关银屏,51,350,274,4.83,297,4764,296
pby12345,马云騄,55,400,335,6.75,355,4089,408
pby123456,零零发,1,300,194,2.93,213,3956,200
pby123456,鳌拜,2,300,100,1.51,118,3647,107
pby123456,和珅,3,50,3,.01,44,8230,12
pby123456,郑板桥,4,54,5,.01,27,4505,15
pby123456,喜来乐,5,50,3,.01,31,5630,13
pby123456,苏乞儿,6,300,79,1.19,102,4696,85
pby123456,李卫,7,50,4,.01,26,4535,15
pby123456,刘伯温,8,300,18,.27,90,14502,29
pby123456,林则徐,9,50,3,.01,33,6115,15
pby123456,方世玉,10,300,75,1.13,82,1420,84
pby123456,多尔衮,11,300,80,1.21,135,11171,90
pby123456,左宗棠,12,300,65,.98,100,7026,74
pby123456,张之洞,13,300,10,.15,92,16491,24
pby123456,蒲松龄,14,50,3,.01,44,8235,16
pby123456,李鸿章,15,55,3,.01,33,6130,16
pby123456,李寻欢,16,300,56,.85,87,6263,63
pby123456,索尼,17,51,3,.01,26,4670,16
pby123456,胡雪岩,18,51,3,.01,37,6890,16
pby123456,海大富,20,300,8,.12,93,17159,16
pby123456,华佗,21,51,3,.01,31,5730,17
pby123456,墨子,22,54,3,.01,32,5820,17
pby123456,杜甫,23,300,66,1.00,94,5601,78
pby123456,廉颇,24,300,9,.14,69,12081,17
pby123456,庄周,25,51,3,.01,39,7235,18
pby123456,李元芳,26,300,4,.06,86,16469,17
pby123456,鲁班,27,51,3,.01,19,3245,18
pby123456,孙武,28,300,168,2.54,195,5596,176
pby123456,张良,29,51,3,.01,17,2910,19
pby123456,姜子牙,30,1,3,.00,26,4715,19
pby123456,关羽,33,350,150,2.67,160,2198,159
pby123456,张飞,34,350,137,2.44,148,2385,402
pby123456,赵云,35,350,132,2.49,147,3037,141
pby123456,马超,36,350,106,1.88,119,2768,115
pby123456,黄忠,37,350,105,1.87,119,2994,114
pby123456,诸葛亮,38,400,773,15.91,776,717,1049
pby123456,庞统,39,350,283,5.01,299,3267,295
pby123456,周瑜,40,350,218,3.86,237,3906,228
pby123456,郭嘉,41,350,449,7.98,472,4691,461
pby123456,韦小宝,44,350,152,2.68,173,4264,478
pby123456,关银屏,51,350,386,6.81,409,4641,407
pby123456,马云騄,55,400,380,7.66,402,4445,451
pby1234567,零零发,1,300,110,1.66,141,6259,116
pby1234567,鳌拜,2,300,84,1.27,120,7292,92
pby1234567,和珅,3,50,3,.01,46,8735,12
pby1234567,郑板桥,4,50,3,.01,43,8025,13
pby1234567,喜来乐,5,50,3,.01,33,6009,14
pby1234567,苏乞儿,6,300,148,2.23,190,8560,155
pby1234567,李卫,7,50,3,.01,50,9585,14
pby1234567,刘伯温,8,300,88,1.33,104,3218,99
pby1234567,林则徐,9,50,3,.01,31,5605,15
pby1234567,方世玉,10,350,200,3.52,204,927,210
pby1234567,多尔衮,11,300,55,.83,95,8147,65
pby1234567,左宗棠,12,300,75,1.13,118,8735,85
pby1234567,张之洞,13,300,64,.97,75,2239,78
pby1234567,蒲松龄,14,51,3,.01,51,9720,16
pby1234567,李鸿章,15,51,5,.01,64,11975,19
pby1234567,李寻欢,16,300,63,.95,105,8563,71
pby1234567,索尼,17,51,3,.01,33,6040,16
pby1234567,海大富,20,300,58,.88,85,5493,67
pby1234567,华佗,21,53,3,.01,30,5420,17
pby1234567,墨子,22,51,3,.01,52,9840,17
pby1234567,杜甫,23,300,86,1.30,122,7380,99
pby1234567,廉颇,24,300,48,.72,64,3253,57
pby1234567,庄周,25,51,3,.01,50,9535,18
pby1234567,李元芳,26,300,56,.85,78,4401,69
pby1234567,鲁班,27,51,3,.01,38,7010,18
pby1234567,孙武,28,300,92,1.39,130,7623,101
pby1234567,张良,29,51,3,.01,34,6225,19
pby1234567,姜子牙,30,1,3,.00,15,2470,19
pby1234567,关羽,33,350,342,6.08,344,421,351
pby1234567,张飞,34,350,362,6.43,362,137,371
pby1234567,赵云,35,350,360,6.57,361,220,369
pby1234567,马超,36,350,334,5.94,338,884,343
pby1234567,黄忠,37,350,344,6.11,345,344,353
pby1234567,诸葛亮,38,350,385,6.89,388,654,396
pby1234567,庞统,39,350,289,5.12,291,554,301
pby1234567,周瑜,40,350,321,5.69,323,593,331
pby1234567,郭嘉,41,400,521,10.69,525,840,819
pby1234567,韦小宝,44,350,80,1.41,80,138,409
pby1234567,马云騄,55,400,430,8.67,433,605,656
pby12345678,零零发,1,300,124,1.87,126,527,130
pby12345678,鳌拜,2,300,34,.51,101,13441,42
pby12345678,和珅,3,50,3,.01,20,3480,12
pby12345678,郑板桥,4,50,3,.01,49,9210,13
pby12345678,喜来乐,5,50,3,.01,42,7924,14
pby12345678,苏乞儿,6,300,11,.17,95,16855,18
pby12345678,李卫,7,50,3,.01,41,7600,14
pby12345678,刘伯温,8,300,14,.21,73,11807,25
pby12345678,林则徐,9,50,3,.01,44,8385,15
pby12345678,方世玉,10,300,5,.08,75,14040,15
pby12345678,多尔衮,11,300,5,.08,83,15618,15
pby12345678,左宗棠,12,300,5,.08,82,15582,15
pby12345678,张之洞,13,300,8,.12,64,11395,22
pby12345678,蒲松龄,14,50,3,.01,38,7095,16
pby12345678,李鸿章,15,50,3,.01,22,3950,17
pby12345678,李寻欢,16,300,10,.15,93,16725,18
pby12345678,海大富,20,300,11,.17,84,14632,20
pby12345678,华佗,21,50,3,.01,31,5780,17
pby12345678,墨子,22,55,3,.01,24,4370,17
pby12345678,杜甫,23,300,6,.09,98,18425,19
pby12345678,廉颇,24,300,9,.14,53,8815,18
pby12345678,庄周,25,51,3,.01,40,7580,18
pby12345678,李元芳,26,300,4,.06,91,17491,17
pby12345678,鲁班,27,51,3,.01,15,2550,18
pby12345678,孙武,28,350,210,3.70,289,15955,219
pby12345678,张良,29,51,3,.01,25,4442,19
pby12345678,姜子牙,30,1,3,.00,6,650,19
pby12345678,关羽,33,350,274,4.87,276,413,283
pby12345678,张飞,34,350,366,6.50,369,624,375
pby12345678,赵云,35,350,342,6.23,345,766,351
pby12345678,马超,36,350,344,6.11,348,828,353
pby12345678,黄忠,37,350,325,5.78,328,627,334
pby12345678,诸葛亮,38,350,279,5.08,282,676,290
pby12345678,庞统,39,350,240,4.25,244,933,252
pby12345678,周瑜,40,350,188,3.33,189,347,198
pby12345678,郭嘉,41,350,452,8.02,458,1206,464
pby12345678,韦小宝,44,300,89,1.34,89,196,124
pby12345678,马云騄,55,400,286,5.77,288,597,778
pby12345678,祝融,68,400,419,8.45,424,1140,435
pby123456789,零零发,1,300,178,2.69,197,3913,184
pby123456789,鳌拜,2,300,90,1.36,104,2979,98
pby123456789,和珅,3,50,3,.01,26,4605,12
pby123456789,郑板桥,4,50,5,.01,45,8015,16
pby123456789,喜来乐,5,61,7,.02,23,3233,18
pby123456789,苏乞儿,6,300,57,.86,82,5143,64
pby123456789,李卫,7,51,4,.01,28,4815,15
pby123456789,刘伯温,8,300,20,.30,68,9646,32
pby123456789,林则徐,9,100,3,.02,23,4014,16
pby123456789,方世玉,10,300,70,1.06,83,2658,80
pby123456789,多尔衮,11,300,50,.75,64,2845,60
pby123456789,左宗棠,12,300,30,.45,45,3055,40
pby123456789,张之洞,13,300,12,.18,68,11375,27
pby123456789,蒲松龄,14,51,3,.01,31,5645,17
pby123456789,李鸿章,15,51,3,.01,37,6980,17
pby123456789,李寻欢,16,300,40,.60,62,4586,48
pby123456789,索尼,17,51,3,.01,44,8310,16
pby123456789,胡雪岩,18,51,3,.01,18,3190,16
pby123456789,曹雪芹,19,51,3,.01,36,6778,16
pby123456789,海大富,20,300,14,.21,40,5390,23
pby123456789,华佗,21,50,3,.01,51,9655,17
pby123456789,墨子,22,52,3,.01,23,4035,17
pby123456789,杜甫,23,300,6,.09,71,13186,19
pby123456789,廉颇,24,300,9,.14,40,6200,18
pby123456789,庄周,25,51,3,.01,23,4125,18
pby123456789,李元芳,26,300,4,.06,30,5343,18
pby123456789,鲁班,27,51,3,.01,20,3450,18
pby123456789,孙武,28,350,36,.63,82,9364,45
pby123456789,张良,29,51,3,.01,11,1620,19
pby123456789,姜子牙,30,1,3,.00,3,0,19
pby123456789,关羽,33,350,230,4.09,259,5957,239
pby123456789,张飞,34,350,293,5.21,308,3155,302
pby123456789,赵云,35,350,273,5.00,300,5572,282
pby123456789,马超,36,350,256,4.55,279,4732,265
pby123456789,黄忠,37,350,279,4.96,305,5212,288
pby123456789,诸葛亮,38,350,315,5.65,346,6360,332
pby123456789,庞统,39,350,278,4.92,304,5217,290
pby123456789,周瑜,40,350,303,5.37,329,5369,313
pby123456789,郭嘉,41,350,218,3.92,248,6128,231
pby123456789,韦小宝,44,300,5,.08,88,16631,36
pby123456789,关银屏,51,400,988,19.93,1021,6652,1382
pby123456789,马云騄,55,350,60,1.06,102,8469,98
pby123456789,张春华,66,350,130,2.29,164,6913,735
pby123456789,祝融,68,350,578,10.19,613,7084,1260
1358177 yubei,零零发,1,310,66,1.03,145,15955,78
1358177 yubei,鳌拜,2,350,80,1.41,134,10981,108
1358177 yubei,和珅,3,150,52,.39,57,1116,67
1358177 yubei,郑板桥,4,59,15,.04,16,335,39
1358177 yubei,喜来乐,5,150,40,.30,48,1714,76
1358177 yubei,苏乞儿,6,350,107,1.89,165,11668,127
1358177 yubei,李卫,7,150,37,.28,41,972,64
1358177 yubei,刘伯温,8,310,14,.22,59,9102,45
1358177 yubei,林则徐,9,59,20,.06,25,1031,53
1358177 yubei,方世玉,10,350,55,.97,78,4651,81
1358177 yubei,多尔衮,11,310,30,.47,98,13712,56
1358177 yubei,左宗棠,12,310,20,.31,90,14040,61
1358177 yubei,张之洞,13,310,36,.56,75,7868,79
1358177 yubei,蒲松龄,14,200,54,.54,68,2933,91
1358177 yubei,李鸿章,15,59,48,.14,52,999,73
1358177 yubei,李寻欢,16,310,38,.59,90,10515,60
1358177 yubei,索尼,17,59,30,.09,34,862,56
1358177 yubei,胡雪岩,18,59,14,.04,16,540,35
1358177 yubei,曹雪芹,19,150,33,.25,42,1816,69
1358177 yubei,海大富,20,350,80,1.41,116,7263,140
1358177 yubei,华佗,21,100,24,.12,30,1283,48
1358177 yubei,墨子,22,150,44,.33,50,1291,65
1358177 yubei,杜甫,23,310,22,.34,92,14146,57
1358177 yubei,廉颇,24,310,35,.55,83,9736,59
1358177 yubei,庄周,25,59,28,.08,35,1404,53
1358177 yubei,李元芳,26,310,52,.81,101,9998,77
1358177 yubei,鲁班,27,59,21,.06,27,1345,47
1358177 yubei,孙武,28,310,34,.53,72,7777,58
1358177 yubei,张良,29,100,13,.07,14,295,39
1358177 yubei,姜子牙,30,59,15,.04,17,508,37
1358177 yubei,孙膑,31,1,12,.00,12,60,34
1358177 yubei,关羽,33,400,234,4.77,254,4191,576
1358177 yubei,张飞,34,310,60,.94,93,6676,74
1358177 yubei,赵云,35,350,69,1.36,101,6432,87
1358177 yubei,马超,36,400,1924,39.82,1942,3775,1962
1358177 yubei,黄忠,37,310,52,.82,90,7720,66
1358177 yubei,诸葛亮,38,400,460,9.57,493,6623,1458
1358177 yubei,庞统,39,350,76,1.35,111,7110,102
1358177 yubei,周瑜,40,350,70,1.24,104,6868,86
1358177 yubei,郭嘉,41,350,221,3.93,257,7231,255
1358177 yubei,韦小宝,44,400,113,2.28,147,6978,1172
1358177 yubei,关银屏,51,400,1002,20.39,1014,2559,1762
1358177 yubei,马云騄,55,400,43,.87,84,8282,140
1770994 yubeiyi,零零发,1,350,104,1.83,164,12097,116
1770994 yubeiyi,鳌拜,2,350,52,.92,140,17755,74
1770994 yubeiyi,和珅,3,59,32,.09,58,5354,45
1770994 yubeiyi,郑板桥,4,59,39,.12,65,5276,60
1770994 yubeiyi,喜来乐,5,59,28,.08,49,4268,51
1770994 yubeiyi,苏乞儿,6,350,87,1.53,131,8887,104
1770994 yubeiyi,李卫,7,150,23,.17,54,6299,52
1770994 yubeiyi,刘伯温,8,350,50,.88,114,12884,74
1770994 yubeiyi,林则徐,9,59,20,.06,49,5910,46
1770994 yubeiyi,方世玉,10,350,20,.35,100,16123,43
1770994 yubeiyi,多尔衮,11,350,25,.44,85,12176,50
1770994 yubeiyi,左宗棠,12,350,70,1.23,89,3817,90
1770994 yubeiyi,张之洞,13,350,44,.78,100,11399,74
1770994 yubeiyi,蒲松龄,14,100,32,.16,72,8082,60
1770994 yubeiyi,李鸿章,15,59,19,.06,51,6470,49
1770994 yubeiyi,李寻欢,16,350,101,1.78,121,4046,117
1770994 yubeiyi,索尼,17,150,26,.20,57,6380,55
1770994 yubeiyi,胡雪岩,18,59,20,.06,52,6575,38
1770994 yubeiyi,曹雪芹,19,150,21,.16,54,6720,50
1770994 yubeiyi,海大富,20,350,46,.81,89,8636,63
1770994 yubeiyi,华佗,21,100,23,.12,45,4494,50
1770994 yubeiyi,墨子,22,59,22,.06,50,5685,47
1770994 yubeiyi,杜甫,23,350,34,.60,119,17118,55
1770994 yubeiyi,廉颇,24,350,27,.48,69,8441,45
1770994 yubeiyi,庄周,25,59,9,.03,10,325,34
1770994 yubeiyi,李元芳,26,350,4,.07,61,11443,26
1770994 yubeiyi,鲁班,27,59,9,.03,10,240,30
1770994 yubeiyi,孙武,28,350,20,.35,77,11471,38
1770994 yubeiyi,张良,29,16,9,.01,9,130,28
1770994 yubeiyi,姜子牙,30,59,9,.03,11,599,28
1770994 yubeiyi,关羽,33,400,266,5.41,287,4244,572
1770994 yubeiyi,张飞,34,350,276,4.90,307,6275,290
1770994 yubeiyi,赵云,35,350,88,1.74,116,5715,103
1770994 yubeiyi,马超,36,400,1597,33.00,1602,1051,1711
1770994 yubeiyi,黄忠,37,350,66,1.17,96,6188,80
1770994 yubeiyi,诸葛亮,38,350,314,5.69,381,13449,352
1770994 yubeiyi,庞统,39,350,321,5.69,345,4976,344
1770994 yubeiyi,周瑜,40,350,392,6.94,426,6936,408
1770994 yubeiyi,郭嘉,41,400,398,8.24,443,9076,1141
1770994 yubeiyi,韦小宝,44,400,134,2.70,166,6540,1000
1770994 yubeiyi,马云騄,55,400,63,1.27,94,6214,151
1770994 yubeiyi,张星彩,58,400,218,4.40,252,6908,1233
1861216 jia,零零发,1,300,82,1.24,161,15893,94
1861216 jia,鳌拜,2,300,120,1.81,174,10808,151
1861216 jia,和珅,3,100,26,.13,27,233,41
1861216 jia,郑板桥,4,200,68,.68,74,1217,120
1861216 jia,喜来乐,5,200,58,.58,62,926,101
1861216 jia,苏乞儿,6,300,185,2.79,251,13330,206
1861216 jia,李卫,7,150,47,.35,53,1302,70
1861216 jia,刘伯温,8,300,48,.72,113,13030,89
1861216 jia,林则徐,9,350,77,1.36,84,1530,376
1861216 jia,方世玉,10,300,45,.68,119,14890,74
1861216 jia,多尔衮,11,300,25,.38,114,17950,54
1861216 jia,左宗棠,12,300,55,.83,135,16088,86
1861216 jia,张之洞,13,300,62,.94,104,8442,118
1861216 jia,蒲松龄,14,200,64,.64,70,1264,125
1861216 jia,李鸿章,15,200,64,.64,69,1060,97
1861216 jia,李寻欢,16,300,89,1.34,153,12843,112
1861216 jia,索尼,17,59,34,.10,37,601,70
1861216 jia,胡雪岩,18,59,14,.04,14,195,35
1861216 jia,曹雪芹,19,59,48,.14,50,469,83
1861216 jia,海大富,20,300,67,1.01,129,12576,88
1861216 jia,华佗,21,150,50,.38,55,1012,80
1861216 jia,墨子,22,150,40,.30,46,1301,90
1861216 jia,杜甫,23,300,46,.69,134,17622,83
1861216 jia,廉颇,24,300,47,.71,106,11992,72
1861216 jia,庄周,25,200,60,.60,65,1000,114
1861216 jia,李元芳,26,300,48,.72,130,16460,91
1861216 jia,鲁班,27,59,16,.05,16,25,37
1861216 jia,孙武,28,300,48,.72,92,8901,75
1861216 jia,张良,29,59,19,.06,19,195,57
1861216 jia,姜子牙,30,59,13,.04,13,170,35
1861216 jia,孙膑,31,11,13,.01,14,272,35
1861216 jia,关羽,33,400,538,10.96,539,335,1164
1861216 jia,张飞,34,350,188,3.34,214,5350,202
1861216 jia,赵云,35,350,186,3.45,215,5865,204
1861216 jia,马超,36,400,1960,40.70,1964,957,2030
1861216 jia,黄忠,37,300,102,1.55,126,4843,116
1861216 jia,诸葛亮,38,400,649,13.45,654,1180,2196
1861216 jia,庞统,39,300,116,1.78,141,5000,143
1861216 jia,周瑜,40,300,81,1.23,105,4824,97
1861216 jia,郭嘉,41,400,953,19.38,955,591,1181
1861216 jia,韦小宝,44,400,89,1.80,132,8689,1540
1861216 jia,马云騄,55,400,27,.54,104,15476,1526
1861216 jia,张星彩,58,400,324,6.54,403,15820,2481
1861216 jia,王异,65,400,1944,39.23,1954,2100,2641
12160829 yi,零零发,1,300,68,1.03,144,15296,80
12160829 yi,鳌拜,2,300,96,1.45,142,9282,124
12160829 yi,和珅,3,100,17,.09,18,291,30
12160829 yi,郑板桥,4,59,35,.10,38,735,60
12160829 yi,喜来乐,5,150,52,.39,56,917,82
12160829 yi,苏乞儿,6,300,153,2.31,208,11008,173
12160829 yi,李卫,7,150,48,.36,52,999,66
12160829 yi,刘伯温,8,300,22,.33,64,8493,48
12160829 yi,林则徐,9,200,44,.44,49,1145,84
12160829 yi,方世玉,10,300,35,.53,102,13433,65
12160829 yi,多尔衮,11,300,45,.68,124,15826,73
12160829 yi,左宗棠,12,300,5,.08,65,12193,33
12160829 yi,张之洞,13,300,52,.78,92,8108,97
12160829 yi,蒲松龄,14,200,48,.48,52,827,97
12160829 yi,李鸿章,15,200,47,.47,51,938,91
12160829 yi,李寻欢,16,300,85,1.28,133,9794,107
12160829 yi,索尼,17,200,51,.51,55,974,103
12160829 yi,胡雪岩,18,150,29,.22,32,710,79
12160829 yi,曹雪芹,19,59,47,.14,50,707,74
12160829 yi,海大富,20,300,77,1.16,116,7961,97
12160829 yi,华佗,21,150,30,.23,35,1004,86
12160829 yi,墨子,22,59,41,.12,44,746,60
12160829 yi,杜甫,23,300,74,1.12,130,11273,243
12160829 yi,廉颇,24,300,56,.85,80,4980,80
12160829 yi,庄周,25,150,48,.36,51,732,92
12160829 yi,李元芳,26,300,44,.66,89,9007,68
12160829 yi,鲁班,27,59,33,.10,35,465,58
12160829 yi,孙武,28,300,36,.54,76,8102,60
12160829 yi,张良,29,52,13,.03,14,250,35
12160829 yi,姜子牙,30,100,21,.11,24,618,43
12160829 yi,孙膑,31,11,12,.01,12,180,34
12160829 yi,关羽,33,400,258,5.25,281,4742,632
12160829 yi,张飞,34,300,77,1.17,102,5093,91
12160829 yi,赵云,35,300,83,1.41,111,5718,101
12160829 yi,马超,36,400,1861,38.54,1863,463,1959
12160829 yi,黄忠,37,300,87,1.32,109,4548,101
12160829 yi,诸葛亮,38,400,641,13.27,645,977,2122
12160829 yi,庞统,39,300,70,1.06,100,6016,96
12160829 yi,周瑜,40,300,214,3.24,234,4185,230
12160829 yi,郭嘉,41,350,212,3.77,263,10266,355
12160829 yi,韦小宝,44,400,233,4.70,275,8542,1494
12160829 yi,关银屏,51,400,2990,60.85,3028,7784,4712
12160829 yi,马云騄,55,400,30,.60,117,17495,1268
134886 bing,零零发,1,300,70,1.06,141,14253,82
134886 bing,鳌拜,2,300,82,1.24,133,10339,110
134886 bing,和珅,3,59,42,.12,45,715,57
134886 bing,郑板桥,4,59,13,.04,15,455,37
134886 bing,喜来乐,5,100,28,.14,31,762,60
134886 bing,苏乞儿,6,300,161,2.43,227,13261,181
134886 bing,李卫,7,150,37,.28,40,757,58
134886 bing,刘伯温,8,300,62,.94,100,7788,98
134886 bing,林则徐,9,59,13,.04,15,590,40
134886 bing,方世玉,10,300,35,.53,101,13367,61
134886 bing,多尔衮,11,300,5,.08,87,16593,34
134886 bing,左宗棠,12,300,40,.60,125,17094,73
134886 bing,张之洞,13,300,40,.60,77,7494,97
134886 bing,蒲松龄,14,250,50,.63,54,983,100
134886 bing,李鸿章,15,150,33,.25,37,936,62
134886 bing,李寻欢,16,300,74,1.12,133,11843,96
134886 bing,索尼,17,200,34,.34,37,747,75
134886 bing,胡雪岩,18,70,52,.18,56,929,75
134886 bing,曹雪芹,19,200,44,.44,48,918,76
134886 bing,海大富,20,300,85,1.28,141,11224,105
134886 bing,华佗,21,200,47,.47,52,1180,83
134886 bing,墨子,22,59,31,.09,34,649,56
134886 bing,杜甫,23,300,58,.88,116,11774,190
134886 bing,廉颇,24,300,52,.79,91,7874,76
134886 bing,庄周,25,150,25,.19,31,1291,75
134886 bing,李元芳,26,300,40,.60,85,9125,65
134886 bing,鲁班,27,150,41,.31,46,1105,66
134886 bing,孙武,28,300,60,.91,100,8083,84
134886 bing,张良,29,59,19,.06,19,165,41
134886 bing,姜子牙,30,59,24,.07,24,70,46
134886 bing,孙膑,31,11,12,.01,13,210,34
134886 bing,关羽,33,400,394,8.02,420,5312,800
134886 bing,张飞,34,300,81,1.23,109,5711,95
134886 bing,赵云,35,300,107,1.77,134,5568,125
134886 bing,马超,36,400,2255,46.65,2263,1786,2432
134886 bing,黄忠,37,300,83,1.26,109,5243,97
134886 bing,诸葛亮,38,400,1519,31.23,1522,749,3012
134886 bing,庞统,39,300,69,1.05,92,4709,95
134886 bing,周瑜,40,300,84,1.27,107,4714,100
134886 bing,郭嘉,41,400,962,19.56,964,442,1092
134886 bing,韦小宝,44,400,98,1.98,143,9163,2013
134886 bing,马云騄,55,400,1073,21.67,1108,7130,1903
134886 bing,张星彩,58,400,49,.99,91,8448,1436
134886 bing,张辽,59,68,26,.09,39,2615,64
88699777 ding,零零发,1,300,62,.94,135,14630,74
88699777 ding,鳌拜,2,300,108,1.63,160,10476,136
88699777 ding,和珅,3,59,15,.04,16,290,28
88699777 ding,郑板桥,4,59,31,.09,35,839,62
88699777 ding,喜来乐,5,100,13,.07,14,261,37
88699777 ding,苏乞儿,6,300,173,2.61,229,11226,193
88699777 ding,李卫,7,150,25,.19,29,843,58
88699777 ding,刘伯温,8,300,60,.91,97,7437,88
88699777 ding,林则徐,9,200,62,.62,67,1049,99
88699777 ding,方世玉,10,300,50,.75,111,12397,78
88699777 ding,多尔衮,11,300,35,.53,120,17084,63
88699777 ding,左宗棠,12,300,30,.45,95,13110,62
88699777 ding,张之洞,13,300,46,.69,88,8458,102
88699777 ding,蒲松龄,14,200,65,.65,70,1196,95
88699777 ding,李鸿章,15,59,61,.18,65,915,86
88699777 ding,李寻欢,16,300,77,1.16,125,9749,99
88699777 ding,索尼,17,200,30,.30,35,1132,86
88699777 ding,胡雪岩,18,59,61,.18,63,565,82
88699777 ding,曹雪芹,19,59,44,.13,47,740,65
88699777 ding,海大富,20,300,57,.86,95,7723,77
88699777 ding,华佗,21,150,26,.20,32,1219,57
88699777 ding,墨子,22,150,36,.27,41,1144,68
88699777 ding,杜甫,23,300,46,.69,99,10731,162
88699777 ding,廉颇,24,300,73,1.10,93,4105,97
88699777 ding,庄周,25,150,54,.41,58,917,84
88699777 ding,李元芳,26,300,8,.12,49,8263,35
88699777 ding,鲁班,27,100,12,.06,13,275,33
88699777 ding,孙武,28,300,52,.78,91,7943,76
88699777 ding,张良,29,59,18,.05,19,244,46
88699777 ding,姜子牙,30,59,39,.12,42,696,61
88699777 ding,孙膑,31,11,12,.01,12,142,34
88699777 ding,关羽,33,400,254,5.17,279,5081,772
88699777 ding,张飞,34,300,69,1.05,99,6024,83
88699777 ding,赵云,35,300,86,1.45,113,5451,104
88699777 ding,马超,36,400,1974,40.86,1975,296,2048
88699777 ding,黄忠,37,300,59,.90,88,5959,73
88699777 ding,诸葛亮,38,400,680,14.13,683,639,2280
88699777 ding,庞统,39,300,82,1.24,100,3769,108
88699777 ding,周瑜,40,300,96,1.46,124,5631,112
88699777 ding,郭嘉,41,350,248,4.40,302,10807,282
88699777 ding,韦小宝,44,400,122,2.46,167,9081,1498
88699777 ding,关银屏,51,400,2948,60.20,2965,3488,4860
88699777 ding,马云騄,55,400,25,.50,113,17749,1436
