pby123,零零发,1,300,80,1.21,86,1317,88
pby123,鳌拜,2,300,50,.75,66,3219,60
pby123,和珅,3,20,5,.01,7,595,14
pby123,郑板桥,4,20,5,.01,12,1510,18
pby123,喜来乐,5,20,4,.00,7,720,18
pby123,苏乞儿,6,300,16,.24,44,5631,26
pby123,李卫,7,30,4,.01,8,870,15
pby123,刘伯温,8,300,54,.81,59,1075,68
pby123,林则徐,9,59,5,.01,7,480,20
pby123,方世玉,10,300,5,.08,47,8517,18
pby123,多尔衮,11,300,5,.08,29,4932,16
pby123,左宗棠,12,300,5,.08,31,5229,18
pby123,张之洞,13,300,12,.18,44,6500,28
pby123,蒲松龄,14,50,4,.01,10,1385,18
pby123,李鸿章,15,50,4,.01,14,2025,21
pby123,李寻欢,16,300,14,.21,31,3527,25
pby123,索尼,17,1,4,.00,11,1590,17
pby123,胡雪岩,18,1,4,.00,4,160,19
pby123,曹雪芹,19,1,4,.00,5,306,17
pby123,海大富,20,300,8,.12,24,3334,20
pby123,华佗,21,10,4,.00,12,1620,18
pby123,墨子,22,1,4,.00,11,1400,20
pby123,杜甫,23,300,4,.06,46,8460,20
pby123,廉颇,24,300,9,.14,22,2637,19
pby123,庄周,25,1,4,.00,9,1140,19
pby123,李元芳,26,300,4,.06,18,2836,20
pby123,鲁班,27,1,4,.00,6,400,19
pby123,孙武,28,300,10,.15,21,2240,20
pby123,张良,29,1,4,.00,4,150,20
pby123,关羽,33,300,20,.30,38,3680,29
pby123,张飞,34,300,11,.17,31,4116,22
pby123,赵云,35,300,11,.25,33,4406,20
pby123,马超,36,350,144,2.56,154,2079,165
pby123,黄忠,37,300,15,.23,30,3072,24
pby123,诸葛亮,38,300,105,1.61,111,1261,119
pby123,庞统,39,300,8,.12,25,3404,21
pby123,周瑜,40,300,8,.12,33,5010,20
pby123,郭嘉,41,400,801,16.51,805,938,1167
pby123,韦小宝,44,350,18,.32,23,1131,462
pby123,关银屏,51,400,640,12.91,652,2552,1523
pby123,马云騄,55,400,38,.77,48,2048,108
pby1234,零零发,1,300,58,.88,85,5408,64
pby1234,鳌拜,2,300,32,.48,61,5985,38
pby1234,和珅,3,20,4,.00,7,780,13
pby1234,郑板桥,4,20,4,.00,5,380,14
pby1234,喜来乐,5,20,3,.00,5,520,13
pby1234,苏乞儿,6,300,7,.11,41,6827,13
pby1234,李卫,7,30,4,.01,6,460,15
pby1234,刘伯温,8,300,42,.63,49,1400,53
pby1234,林则徐,9,10,3,.00,13,2150,15
pby1234,方世玉,10,300,5,.08,39,6936,14
pby1234,多尔衮,11,300,5,.08,31,5320,14
pby1234,左宗棠,12,300,5,.08,29,4844,14
pby1234,张之洞,13,300,12,.18,50,7728,25
pby1234,蒲松龄,14,60,3,.01,11,1752,16
pby1234,李鸿章,15,60,3,.01,9,1266,16
pby1234,李寻欢,16,300,8,.12,26,3607,15
pby1234,索尼,17,1,3,.00,11,1705,16
pby1234,胡雪岩,18,1,3,.00,5,530,16
pby1234,曹雪芹,19,1,3,.00,9,1385,16
pby1234,海大富,20,300,8,.12,22,2996,16
pby1234,华佗,21,10,3,.00,14,2285,17
pby1234,墨子,22,10,3,.00,6,720,17
pby1234,杜甫,23,300,4,.06,45,8218,71
pby1234,廉颇,24,300,9,.14,22,2679,17
pby1234,庄周,25,1,3,.00,6,785,18
pby1234,李元芳,26,300,4,.06,23,3844,17
pby1234,鲁班,27,1,3,.00,5,420,18
pby1234,孙武,28,300,10,.15,21,2280,18
pby1234,张良,29,1,3,.00,3,180,19
pby1234,关羽,33,300,16,.24,32,3292,25
pby1234,张飞,34,300,7,.11,29,4576,16
pby1234,赵云,35,300,11,.26,33,4518,20
pby1234,马超,36,300,51,.78,68,3589,60
pby1234,黄忠,37,300,15,.23,29,2974,24
pby1234,诸葛亮,38,400,674,13.90,677,676,1027
pby1234,庞统,39,300,8,.12,25,3500,19
pby1234,周瑜,40,300,198,3.00,213,3110,208
pby1234,郭嘉,41,350,285,5.05,297,2409,296
pby1234,韦小宝,44,350,12,.21,18,1346,362
pby1234,关银屏,51,400,722,14.62,734,2482,1007
pby1234,马云騄,55,400,38,.77,51,2728,100
pby12345,零零发,1,300,78,1.18,103,5175,84
pby12345,鳌拜,2,300,38,.57,87,9935,46
pby12345,和珅,3,10,4,.00,44,8115,13
pby12345,郑板桥,4,10,6,.00,22,3385,17
pby12345,喜来乐,5,10,14,.01,39,5030,25
pby12345,苏乞儿,6,300,11,.17,63,10504,18
pby12345,李卫,7,30,30,.05,45,3027,41
pby12345,刘伯温,8,300,46,.69,71,5087,58
pby12345,林则徐,9,10,4,.00,14,2100,17
pby12345,方世玉,10,300,25,.38,44,3930,35
pby12345,多尔衮,11,300,15,.23,45,6117,25
pby12345,左宗棠,12,300,10,.15,52,8430,20
pby12345,张之洞,13,300,10,.15,58,9747,25
pby12345,蒲松龄,14,50,3,.01,26,4725,17
pby12345,李鸿章,15,30,3,.00,32,5950,17
pby12345,李寻欢,16,300,8,.12,44,7221,16
pby12345,索尼,17,1,3,.00,27,4945,16
pby12345,胡雪岩,18,1,3,.00,46,8720,16
pby12345,曹雪芹,19,1,3,.00,19,3220,16
pby12345,海大富,20,300,14,.21,47,6605,23
pby12345,华佗,21,10,3,.00,33,6080,17
pby12345,墨子,22,30,3,.00,29,5330,17
pby12345,杜甫,23,300,4,.06,47,8773,17
pby12345,廉颇,24,300,132,1.99,132,183,141
pby12345,庄周,25,1,3,.00,29,5310,18
pby12345,李元芳,26,300,4,.06,64,12123,18
pby12345,鲁班,27,1,3,.00,28,5190,18
pby12345,孙武,28,300,10,.15,33,4623,19
pby12345,张良,29,1,3,.00,35,6525,19
pby12345,关羽,33,300,304,4.62,306,426,313
pby12345,张飞,34,300,283,4.30,285,493,292
pby12345,赵云,35,300,306,4.75,306,143,315
pby12345,马超,36,300,302,4.59,302,104,311
pby12345,黄忠,37,300,303,4.61,304,315,312
pby12345,诸葛亮,38,300,301,4.58,301,134,313
pby12345,庞统,39,300,303,4.59,305,555,315
pby12345,周瑜,40,300,288,4.37,288,115,298
pby12345,郭嘉,41,400,702,14.50,702,12,1062
pby12345,韦小宝,44,350,108,1.90,122,2967,451
pby12345,关银屏,51,350,250,4.41,252,410,272
pby12345,马云騄,55,400,293,5.91,294,328,362
pby123456,零零发,1,300,26,.39,91,13166,32
pby123456,鳌拜,2,300,32,.48,72,8003,39
pby123456,和珅,3,10,3,.00,15,2540,12
pby123456,郑板桥,4,10,5,.00,16,2305,15
pby123456,喜来乐,5,20,3,.00,15,2495,13
pby123456,苏乞儿,6,300,7,.11,44,7466,13
pby123456,李卫,7,10,4,.00,7,625,15
pby123456,刘伯温,8,300,18,.27,51,6739,29
pby123456,林则徐,9,10,3,.00,6,615,15
pby123456,方世玉,10,300,5,.08,38,6708,14
pby123456,多尔衮,11,300,5,.08,41,7217,15
pby123456,左宗棠,12,300,5,.08,47,8422,14
pby123456,张之洞,13,300,10,.15,49,7811,24
pby123456,蒲松龄,14,50,3,.01,22,3820,16
pby123456,李鸿章,15,5,3,.00,11,1750,16
pby123456,李寻欢,16,300,14,.21,40,5303,21
pby123456,索尼,17,1,3,.00,8,1005,16
pby123456,胡雪岩,18,1,3,.00,10,1580,16
pby123456,海大富,20,300,8,.12,42,6889,16
pby123456,华佗,21,1,3,.00,8,1130,17
pby123456,墨子,22,4,3,.00,6,605,17
pby123456,杜甫,23,300,4,.06,46,8520,16
pby123456,廉颇,24,300,9,.14,28,3994,17
pby123456,庄周,25,1,3,.00,13,2165,18
pby123456,李元芳,26,300,4,.06,38,6830,17
pby123456,鲁班,27,1,3,.00,4,310,18
pby123456,孙武,28,300,10,.15,20,2114,18
pby123456,张良,29,1,3,.00,3,100,19
pby123456,关羽,33,300,40,.61,53,2716,49
pby123456,张飞,34,350,67,1.19,89,4562,332
pby123456,赵云,35,300,11,.25,33,4426,20
pby123456,马超,36,300,34,.52,64,6040,43
pby123456,黄忠,37,300,11,.17,28,3484,20
pby123456,诸葛亮,38,400,741,15.24,743,413,1017
pby123456,庞统,39,300,153,2.32,170,3495,165
pby123456,周瑜,40,300,153,2.32,174,4271,163
pby123456,郭嘉,41,300,360,5.48,396,7324,372
pby123456,韦小宝,44,350,108,1.90,117,1913,434
pby123456,关银屏,51,350,326,5.75,348,4540,347
pby123456,马云騄,55,400,303,6.11,343,8080,370
pby1234567,零零发,1,300,108,1.63,109,395,114
pby1234567,鳌拜,2,300,82,1.24,82,132,90
pby1234567,和珅,3,10,3,.00,39,7215,12
pby1234567,郑板桥,4,10,3,.00,40,7570,13
pby1234567,喜来乐,5,10,3,.00,23,4160,14
pby1234567,苏乞儿,6,300,146,2.20,146,84,153
pby1234567,李卫,7,10,3,.00,32,5945,14
pby1234567,刘伯温,8,300,88,1.33,88,90,99
pby1234567,林则徐,9,10,3,.00,22,3890,15
pby1234567,方世玉,10,300,175,2.64,175,185,185
pby1234567,多尔衮,11,300,55,.83,59,937,65
pby1234567,左宗棠,12,300,75,1.13,78,776,85
pby1234567,张之洞,13,300,64,.97,65,364,78
pby1234567,蒲松龄,14,1,3,.00,46,8625,16
pby1234567,李鸿章,15,1,5,.00,48,8755,19
pby1234567,李寻欢,16,300,61,.92,64,661,69
pby1234567,索尼,17,1,3,.00,28,5045,16
pby1234567,海大富,20,300,58,.88,61,794,67
pby1234567,华佗,21,13,3,.00,16,2775,17
pby1234567,墨子,22,1,3,.00,33,6095,17
pby1234567,杜甫,23,300,84,1.27,86,552,97
pby1234567,廉颇,24,300,48,.72,48,64,57
pby1234567,庄周,25,1,3,.00,43,8060,18
pby1234567,李元芳,26,300,56,.85,58,459,69
pby1234567,鲁班,27,1,3,.00,37,6950,18
pby1234567,孙武,28,300,90,1.36,93,666,99
pby1234567,张良,29,1,3,.00,29,5315,19
pby1234567,关羽,33,300,300,4.56,300,90,309
pby1234567,张飞,34,300,308,4.68,308,59,317
pby1234567,赵云,35,300,310,4.81,311,210,319
pby1234567,马超,36,300,298,4.53,298,88,307
pby1234567,黄忠,37,300,298,4.53,300,536,307
pby1234567,诸葛亮,38,350,350,6.26,351,237,361
pby1234567,庞统,39,350,249,4.41,250,370,261
pby1234567,周瑜,40,350,286,5.07,288,447,296
pby1234567,郭嘉,41,400,498,10.22,518,4011,796
pby1234567,韦小宝,44,350,42,.74,44,507,371
pby1234567,马云騄,55,400,393,7.92,393,95,615
pby12345678,零零发,1,300,78,1.18,95,3476,84
pby12345678,鳌拜,2,300,32,.48,72,8099,40
pby12345678,和珅,3,10,3,.00,16,2655,12
pby12345678,郑板桥,4,10,3,.00,36,6770,13
pby12345678,喜来乐,5,10,3,.00,20,3579,14
pby12345678,苏乞儿,6,300,9,.14,50,8391,16
pby12345678,李卫,7,10,3,.00,34,6215,14
pby12345678,刘伯温,8,300,14,.21,61,9428,25
pby12345678,林则徐,9,20,3,.00,30,5410,15
pby12345678,方世玉,10,300,5,.08,58,10678,15
pby12345678,多尔衮,11,300,5,.08,55,10023,15
pby12345678,左宗棠,12,300,5,.08,53,9776,15
pby12345678,张之洞,13,300,8,.12,54,9290,22
pby12345678,蒲松龄,14,10,3,.00,31,5695,16
pby12345678,李鸿章,15,10,3,.00,19,3325,17
pby12345678,李寻欢,16,300,8,.12,46,7763,16
pby12345678,海大富,20,300,11,.17,73,12481,20
pby12345678,华佗,21,20,3,.00,26,4725,17
pby12345678,墨子,22,5,3,.00,21,3640,17
pby12345678,杜甫,23,300,4,.06,67,12621,17
pby12345678,廉颇,24,300,9,.14,32,4795,18
pby12345678,庄周,25,1,3,.00,38,7045,18
pby12345678,李元芳,26,300,4,.06,72,13698,17
pby12345678,鲁班,27,1,3,.00,15,2520,18
pby12345678,孙武,28,300,208,3.14,247,7820,217
pby12345678,张良,29,1,3,.00,16,2635,19
pby12345678,关羽,33,320,228,3.70,231,630,237
pby12345678,张飞,34,300,320,4.86,320,106,329
pby12345678,赵云,35,300,292,4.53,295,642,301
pby12345678,马超,36,350,300,5.33,301,301,309
pby12345678,黄忠,37,350,283,5.03,283,58,292
pby12345678,诸葛亮,38,350,244,4.44,244,50,255
pby12345678,庞统,39,300,175,2.65,175,160,187
pby12345678,周瑜,40,300,133,2.02,136,642,143
pby12345678,郭嘉,41,350,363,6.45,424,12204,375
pby12345678,韦小宝,44,300,6,.09,51,9002,41
pby12345678,马云騄,55,400,229,4.62,229,166,717
pby12345678,祝融,68,400,376,7.58,379,633,392
pby123456789,零零发,1,300,116,1.75,116,89,122
pby123456789,鳌拜,2,300,88,1.33,89,309,96
pby123456789,和珅,3,10,3,.00,25,4445,12
pby123456789,郑板桥,4,10,5,.00,44,7805,16
pby123456789,喜来乐,5,61,7,.02,22,3129,18
pby123456789,苏乞儿,6,300,50,.75,51,254,57
pby123456789,李卫,7,1,4,.00,27,4675,15
pby123456789,刘伯温,8,300,20,.30,61,8355,32
pby123456789,林则徐,9,1,3,.00,22,3832,16
pby123456789,方世玉,10,300,70,1.06,72,497,80
pby123456789,多尔衮,11,300,50,.75,50,42,60
pby123456789,左宗棠,12,300,30,.45,31,226,40
pby123456789,张之洞,13,300,12,.18,61,9990,27
pby123456789,蒲松龄,14,1,3,.00,30,5515,17
pby123456789,李鸿章,15,1,3,.00,36,6780,17
pby123456789,李寻欢,16,300,38,.57,40,521,46
pby123456789,索尼,17,1,3,.00,44,8240,16
pby123456789,胡雪岩,18,1,3,.00,18,3060,16
pby123456789,曹雪芹,19,1,3,.00,36,6650,16
pby123456789,海大富,20,300,14,.21,33,3805,23
pby123456789,华佗,21,50,3,.01,50,9535,17
pby123456789,墨子,22,2,3,.00,22,3865,17
pby123456789,杜甫,23,300,4,.06,45,8277,17
pby123456789,廉颇,24,300,9,.14,31,4587,18
pby123456789,庄周,25,1,3,.00,22,3995,18
pby123456789,李元芳,26,300,4,.06,23,3900,18
pby123456789,鲁班,27,1,3,.00,20,3450,18
pby123456789,孙武,28,300,10,.15,31,4360,19
pby123456789,张良,29,1,3,.00,10,1510,19
pby123456789,关羽,33,300,216,3.28,219,634,225
pby123456789,张飞,34,300,267,4.06,268,342,276
pby123456789,赵云,35,300,259,4.03,259,149,268
pby123456789,马超,36,300,244,3.71,247,618,253
pby123456789,黄忠,37,300,265,4.03,265,175,274
pby123456789,诸葛亮,38,300,310,4.73,312,598,322
pby123456789,庞统,39,300,263,3.99,263,155,275
pby123456789,周瑜,40,300,288,4.37,289,225,298
pby123456789,郭嘉,41,300,213,3.28,215,528,226
pby123456789,韦小宝,44,300,3,.05,53,10047,34
pby123456789,关银屏,51,400,988,19.93,1018,6022,1382
pby123456789,马云騄,55,300,58,.88,60,427,92
pby123456789,张春华,66,300,130,1.96,131,201,735
pby123456789,祝融,68,350,578,10.19,610,6500,1260
1358177 yubei,零零发,1,300,64,.97,117,10781,76
1358177 yubei,鳌拜,2,300,78,1.18,107,5977,106
1358177 yubei,和珅,3,150,52,.39,57,1012,67
1358177 yubei,郑板桥,4,59,15,.04,16,235,39
1358177 yubei,喜来乐,5,150,40,.30,47,1580,76
1358177 yubei,苏乞儿,6,300,105,1.58,132,5478,125
1358177 yubei,李卫,7,150,37,.28,41,852,64
1358177 yubei,刘伯温,8,300,14,.21,48,6904,45
1358177 yubei,林则徐,9,59,20,.06,24,861,53
1358177 yubei,方世玉,10,300,55,.83,63,1611,81
1358177 yubei,多尔衮,11,300,30,.45,66,7236,56
1358177 yubei,左宗棠,12,300,20,.30,58,7706,61
1358177 yubei,张之洞,13,300,36,.54,69,6694,79
1358177 yubei,蒲松龄,14,200,54,.54,67,2695,91
1358177 yubei,李鸿章,15,59,48,.14,51,795,73
1358177 yubei,李寻欢,16,300,36,.54,56,4093,58
1358177 yubei,索尼,17,59,30,.09,33,792,56
1358177 yubei,胡雪岩,18,59,14,.04,15,340,35
1358177 yubei,曹雪芹,19,150,33,.25,41,1622,69
1358177 yubei,海大富,20,300,80,1.21,85,1045,140
1358177 yubei,华佗,21,100,24,.12,29,1077,48
1358177 yubei,墨子,22,150,44,.33,49,1077,65
1358177 yubei,杜甫,23,300,20,.30,63,8612,55
1358177 yubei,廉颇,24,300,35,.53,51,3338,59
1358177 yubei,庄周,25,59,28,.08,34,1274,53
1358177 yubei,李元芳,26,300,52,.78,91,7828,77
1358177 yubei,鲁班,27,59,21,.06,27,1305,47
1358177 yubei,孙武,28,300,32,.48,45,2723,56
1358177 yubei,张良,29,100,13,.07,13,95,39
1358177 yubei,姜子牙,30,59,15,.04,17,438,37
1358177 yubei,关羽,33,400,220,4.49,225,1085,562
1358177 yubei,张飞,34,300,46,.70,58,2404,60
1358177 yubei,赵云,35,300,55,.92,64,1976,73
1358177 yubei,马超,36,400,1912,39.58,1938,5313,1950
1358177 yubei,黄忠,37,300,38,.58,56,3668,52
1358177 yubei,诸葛亮,38,400,455,9.45,460,1077,1423
1358177 yubei,庞统,39,300,71,1.08,78,1434,97
1358177 yubei,周瑜,40,300,65,.99,71,1316,81
1358177 yubei,郭嘉,41,350,216,3.84,227,2251,250
1358177 yubei,韦小宝,44,400,111,2.24,117,1388,1170
1358177 yubei,关银屏,51,400,1002,20.39,1011,1909,1762
1358177 yubei,马云騄,55,400,41,.83,53,2494,134
1770994 yubeiyi,零零发,1,300,102,1.54,136,6853,114
1770994 yubeiyi,鳌拜,2,300,50,.75,116,13347,72
1770994 yubeiyi,和珅,3,59,32,.09,58,5204,45
1770994 yubeiyi,郑板桥,4,59,39,.12,64,5106,60
1770994 yubeiyi,喜来乐,5,59,28,.08,48,4138,51
1770994 yubeiyi,苏乞儿,6,300,85,1.28,88,781,102
1770994 yubeiyi,李卫,7,150,23,.17,53,6075,52
1770994 yubeiyi,刘伯温,8,300,50,.75,108,11636,74
1770994 yubeiyi,林则徐,9,59,20,.06,48,5740,46
1770994 yubeiyi,方世玉,10,300,20,.30,78,11724,43
1770994 yubeiyi,多尔衮,11,300,25,.38,68,8728,50
1770994 yubeiyi,左宗棠,12,300,70,1.06,72,443,90
1770994 yubeiyi,张之洞,13,300,44,.66,91,9540,74
1770994 yubeiyi,蒲松龄,14,100,32,.16,71,7902,60
1770994 yubeiyi,李鸿章,15,59,19,.06,50,6260,49
1770994 yubeiyi,李寻欢,16,300,99,1.49,99,103,115
1770994 yubeiyi,索尼,17,150,26,.20,55,5946,55
1770994 yubeiyi,胡雪岩,18,59,20,.06,51,6385,38
1770994 yubeiyi,曹雪芹,19,150,21,.16,53,6536,50
1770994 yubeiyi,海大富,20,300,46,.69,73,5473,63
1770994 yubeiyi,华佗,21,100,23,.12,44,4324,50
1770994 yubeiyi,墨子,22,59,22,.06,49,5545,47
1770994 yubeiyi,杜甫,23,300,32,.48,84,10588,53
1770994 yubeiyi,廉颇,24,300,27,.41,59,6433,45
1770994 yubeiyi,庄周,25,59,9,.03,9,195,34
1770994 yubeiyi,李元芳,26,300,4,.06,51,9575,26
1770994 yubeiyi,鲁班,27,59,9,.03,10,240,30
1770994 yubeiyi,孙武,28,300,18,.27,46,5720,36
1770994 yubeiyi,张良,29,16,9,.01,9,10,28
1770994 yubeiyi,姜子牙,30,59,9,.03,11,475,28
1770994 yubeiyi,关羽,33,400,252,5.13,253,371,558
1770994 yubeiyi,张飞,34,300,262,3.98,265,659,276
1770994 yubeiyi,赵云,35,300,74,1.22,74,120,89
1770994 yubeiyi,马超,36,400,1597,33.00,1597,195,1711
1770994 yubeiyi,黄忠,37,300,52,.79,53,394,66
1770994 yubeiyi,诸葛亮,38,350,309,5.49,350,8211,342
1770994 yubeiyi,庞统,39,300,301,4.56,304,649,324
1770994 yubeiyi,周瑜,40,300,382,5.79,383,238,398
1770994 yubeiyi,郭嘉,41,400,393,8.14,411,3698,1136
1770994 yubeiyi,韦小宝,44,400,132,2.66,133,368,998
1770994 yubeiyi,马云騄,55,400,61,1.23,62,350,145
1770994 yubeiyi,张星彩,58,400,218,4.40,220,558,1233
1861216 jia,零零发,1,300,80,1.21,131,10286,92
1861216 jia,鳌拜,2,300,118,1.78,150,6420,149
1861216 jia,和珅,3,100,26,.13,26,93,41
1861216 jia,郑板桥,4,200,68,.68,73,1015,120
1861216 jia,喜来乐,5,200,58,.58,61,714,101
1861216 jia,苏乞儿,6,300,183,2.76,221,7771,204
1861216 jia,李卫,7,150,47,.35,51,952,70
1861216 jia,刘伯温,8,300,48,.72,82,6999,89
1861216 jia,林则徐,9,350,77,1.36,83,1358,376
1861216 jia,方世玉,10,300,45,.68,100,11159,74
1861216 jia,多尔衮,11,300,25,.38,78,10758,54
1861216 jia,左宗棠,12,300,55,.83,104,9885,86
1861216 jia,张之洞,13,300,62,.94,98,7399,118
1861216 jia,蒲松龄,14,200,64,.64,69,1130,125
1861216 jia,李鸿章,15,200,64,.64,68,900,97
1861216 jia,李寻欢,16,300,87,1.31,121,6879,110
1861216 jia,索尼,17,59,34,.10,36,491,70
1861216 jia,胡雪岩,18,59,14,.04,14,85,35
1861216 jia,曹雪芹,19,59,48,.14,49,349,83
1861216 jia,海大富,20,300,67,1.01,99,6443,88
1861216 jia,华佗,21,150,50,.38,54,836,80
1861216 jia,墨子,22,150,40,.30,45,1143,90
1861216 jia,杜甫,23,300,44,.66,96,10424,81
1861216 jia,廉颇,24,300,47,.71,78,6269,72
1861216 jia,庄周,25,200,60,.60,63,730,114
1861216 jia,李元芳,26,300,48,.72,101,10771,91
1861216 jia,鲁班,27,59,16,.05,16,25,37
1861216 jia,孙武,28,300,46,.69,62,3221,73
1861216 jia,张良,29,59,19,.06,19,75,57
1861216 jia,姜子牙,30,59,13,.04,13,40,35
1861216 jia,孙膑,31,11,13,.01,13,162,35
1861216 jia,关羽,33,400,532,10.84,533,375,1158
1861216 jia,张飞,34,350,174,3.09,184,2073,188
1861216 jia,赵云,35,350,172,3.15,183,2362,190
1861216 jia,马超,36,400,1956,40.62,1961,1175,2026
1861216 jia,黄忠,37,300,88,1.34,93,1065,102
1861216 jia,诸葛亮,38,400,644,13.33,648,836,2186
1861216 jia,庞统,39,300,101,1.55,110,1955,128
1861216 jia,周瑜,40,300,66,1.00,73,1434,82
1861216 jia,郭嘉,41,400,948,19.28,951,659,1176
1861216 jia,韦小宝,44,400,87,1.76,100,2782,1538
1861216 jia,马云騄,55,400,25,.50,59,6998,1520
1861216 jia,张星彩,58,400,324,6.54,372,9655,2481
1861216 jia,王异,65,400,1944,39.23,1951,1558,2641
12160829 yi,零零发,1,300,66,1.00,120,10965,78
12160829 yi,鳌拜,2,300,94,1.42,120,5275,122
12160829 yi,和珅,3,100,17,.09,17,195,30
12160829 yi,郑板桥,4,59,35,.10,37,555,60
12160829 yi,喜来乐,5,150,52,.39,55,725,82
12160829 yi,苏乞儿,6,300,151,2.28,178,5456,171
12160829 yi,李卫,7,150,48,.36,51,735,66
12160829 yi,刘伯温,8,300,22,.33,55,6785,48
12160829 yi,林则徐,9,200,44,.44,48,961,84
12160829 yi,方世玉,10,300,35,.53,86,10358,65
12160829 yi,多尔衮,11,300,45,.68,94,9922,73
12160829 yi,左宗棠,12,300,5,.08,37,6405,33
12160829 yi,张之洞,13,300,52,.78,91,7940,97
12160829 yi,蒲松龄,14,200,48,.48,51,693,97
12160829 yi,李鸿章,15,200,47,.47,50,684,91
12160829 yi,李寻欢,16,300,83,1.25,103,4116,105
12160829 yi,索尼,17,200,51,.51,54,702,103
12160829 yi,胡雪岩,18,150,29,.22,31,564,79
12160829 yi,曹雪芹,19,59,47,.14,49,487,74
12160829 yi,海大富,20,300,77,1.16,98,4203,97
12160829 yi,华佗,21,150,30,.23,33,688,86
12160829 yi,墨子,22,59,41,.12,43,556,60
12160829 yi,杜甫,23,300,72,1.09,107,7044,241
12160829 yi,廉颇,24,300,56,.85,69,2726,80
12160829 yi,庄周,25,150,48,.36,51,610,92
12160829 yi,李元芳,26,300,44,.66,81,7528,68
12160829 yi,鲁班,27,59,33,.10,34,385,58
12160829 yi,孙武,28,300,34,.51,47,2771,58
12160829 yi,张良,29,52,13,.03,13,170,35
12160829 yi,姜子牙,30,100,21,.11,22,384,43
12160829 yi,孙膑,31,11,12,.01,12,60,34
12160829 yi,关羽,33,400,244,4.97,251,1480,618
12160829 yi,张飞,34,300,63,.96,71,1771,77
12160829 yi,赵云,35,300,69,1.13,81,2460,87
12160829 yi,马超,36,400,1857,38.46,1860,757,1955
12160829 yi,黄忠,37,300,73,1.11,77,938,87
12160829 yi,诸葛亮,38,400,636,13.16,639,767,2117
12160829 yi,庞统,39,300,60,.91,67,1512,86
12160829 yi,周瑜,40,300,194,2.94,203,1999,210
12160829 yi,郭嘉,41,350,207,3.68,234,5424,350
12160829 yi,韦小宝,44,400,231,4.66,243,2580,1492
12160829 yi,关银屏,51,400,2990,60.85,3021,6386,4712
12160829 yi,马云騄,55,400,28,.56,77,9993,1262
134886 bing,零零发,1,300,68,1.03,118,10094,80
134886 bing,鳌拜,2,300,80,1.21,110,6066,108
134886 bing,和珅,3,59,42,.12,44,545,57
134886 bing,郑板桥,4,59,13,.04,14,275,37
134886 bing,喜来乐,5,100,28,.14,30,506,60
134886 bing,苏乞儿,6,300,159,2.40,197,7677,179
134886 bing,李卫,7,150,37,.28,39,459,58
134886 bing,刘伯温,8,300,62,.94,93,6269,98
134886 bing,林则徐,9,59,13,.04,15,430,40
134886 bing,方世玉,10,300,35,.53,84,9890,61
134886 bing,多尔衮,11,300,5,.08,52,9526,34
134886 bing,左宗棠,12,300,40,.60,89,9995,73
134886 bing,张之洞,13,300,40,.60,76,7334,97
134886 bing,蒲松龄,14,250,50,.63,53,693,100
134886 bing,李鸿章,15,150,33,.25,36,742,62
134886 bing,李寻欢,16,300,72,1.09,102,6109,94
134886 bing,索尼,17,200,34,.34,36,443,75
134886 bing,胡雪岩,18,70,52,.18,55,695,75
134886 bing,曹雪芹,19,200,44,.44,47,684,76
134886 bing,海大富,20,300,85,1.28,117,6518,105
134886 bing,华佗,21,200,47,.47,51,848,83
134886 bing,墨子,22,59,31,.09,33,465,56
134886 bing,杜甫,23,300,56,.85,89,6622,188
134886 bing,廉颇,24,300,52,.79,71,3998,76
134886 bing,庄周,25,150,25,.19,30,1037,75
134886 bing,李元芳,26,300,40,.60,79,7889,65
134886 bing,鲁班,27,150,41,.31,46,1001,66
134886 bing,孙武,28,300,58,.88,70,2557,82
134886 bing,张良,29,59,19,.06,19,35,41
134886 bing,姜子牙,30,59,24,.07,24,10,46
134886 bing,孙膑,31,11,12,.01,12,80,34
134886 bing,关羽,33,400,380,7.74,387,1464,786
134886 bing,张飞,34,300,67,1.02,78,2383,81
134886 bing,赵云,35,300,93,1.50,103,2128,111
134886 bing,马超,36,400,2255,46.65,2261,1360,2432
134886 bing,黄忠,37,300,69,1.05,76,1591,83
134886 bing,诸葛亮,38,400,1514,31.12,1515,341,3002
134886 bing,庞统,39,300,54,.82,60,1365,80
134886 bing,周瑜,40,300,69,1.05,76,1462,85
134886 bing,郭嘉,41,400,957,19.46,959,446,1087
134886 bing,韦小宝,44,400,96,1.94,109,2703,2011
134886 bing,马云騄,55,400,1071,21.63,1103,6586,1897
134886 bing,张星彩,58,400,49,.99,61,2450,1436
134886 bing,张辽,59,68,26,.09,31,1028,64
88699777 ding,零零发,1,300,60,.91,113,10765,72
88699777 ding,鳌拜,2,300,106,1.60,138,6405,134
88699777 ding,和珅,3,59,15,.04,15,110,28
88699777 ding,郑板桥,4,59,31,.09,34,659,62
88699777 ding,喜来乐,5,100,13,.07,13,185,37
88699777 ding,苏乞儿,6,300,171,2.58,198,5466,191
88699777 ding,李卫,7,150,25,.19,28,655,58
88699777 ding,刘伯温,8,300,60,.91,94,6844,88
88699777 ding,林则徐,9,200,62,.62,66,923,99
88699777 ding,方世玉,10,300,50,.75,100,10078,78
88699777 ding,多尔衮,11,300,35,.53,87,10422,63
88699777 ding,左宗棠,12,300,30,.45,68,7602,62
88699777 ding,张之洞,13,300,46,.69,85,7842,102
88699777 ding,蒲松龄,14,200,65,.65,69,918,95
88699777 ding,李鸿章,15,59,61,.18,64,655,86
88699777 ding,李寻欢,16,300,75,1.13,96,4325,97
88699777 ding,索尼,17,200,30,.30,34,940,86
88699777 ding,胡雪岩,18,59,61,.18,63,425,82
88699777 ding,曹雪芹,19,59,44,.13,46,580,65
88699777 ding,海大富,20,300,57,.86,78,4259,77
88699777 ding,华佗,21,150,26,.20,30,871,57
88699777 ding,墨子,22,150,36,.27,40,864,68
88699777 ding,杜甫,23,300,44,.66,74,6180,160
88699777 ding,廉颇,24,300,73,1.10,84,2239,97
88699777 ding,庄周,25,150,54,.41,57,651,84
88699777 ding,李元芳,26,300,8,.12,38,6020,35
88699777 ding,鲁班,27,100,12,.06,13,275,33
88699777 ding,孙武,28,300,50,.75,64,2824,74
88699777 ding,张良,29,59,18,.05,18,150,46
88699777 ding,姜子牙,30,59,39,.12,41,580,61
88699777 ding,孙膑,31,11,12,.01,12,10,34
88699777 ding,关羽,33,400,240,4.89,248,1665,758
88699777 ding,张飞,34,300,55,.84,66,2320,69
88699777 ding,赵云,35,300,72,1.18,82,2055,90
88699777 ding,马超,36,400,1970,40.77,1972,446,2044
88699777 ding,黄忠,37,300,45,.68,55,2157,59
88699777 ding,诸葛亮,38,400,675,13.99,676,317,2275
88699777 ding,庞统,39,300,62,.94,70,1627,88
88699777 ding,周瑜,40,300,86,1.30,94,1627,102
88699777 ding,郭嘉,41,350,243,4.31,270,5551,277
88699777 ding,韦小宝,44,400,120,2.42,135,3021,1496
88699777 ding,关银屏,51,400,2948,60.20,2961,2736,4860
88699777 ding,马云騄,55,400,23,.46,77,10932,1430
